,faceMuscles.frontalis,faceMuscles.currogator,faceMuscles.medFrontalis,faceMuscles.orbOculi,faceMuscles.orbOculi_L,faceMuscles.orbOculi_R,faceMuscles.orbOculi_out,faceMuscles.latFrontalis,faceMuscles.latFrontalis_L,faceMuscles.latFrontalis_R,faceMuscles.LabInf,faceMuscles.zygomatic,faceMuscles.labSup,faceMuscles.labSup_AN,faceMuscles.triangularis,faceMuscles.incisivus,faceMuscles.mentalis,faceMuscles.risoriusPlatysma,faceMuscles.orbOris_loose_lo,faceMuscles.orbOris_loose_hi,faceMuscles.orbOris_tight_lo,faceMuscles.orbOris_tight_hi,faceMuscles.orbOri0s_tight_hi2,faceMuscles.orbOris_tight_lo2,faceMuscles.mouthClose,faceMuscles.orbOculi_lo,faceMuscles.buccinator,faceMuscles.orbOculi_lo_L,faceMuscles.orbOculi_lo_R,faceMuscles.labSup_L,faceMuscles.labSup_R,faceMuscles.zygomatic_L,faceMuscles.zygomatic_R,faceMuscles.risoriusPlatysma_L,faceMuscles.risoriusPlatysma_R,faceMuscles.levAnguliOris,faceMuscles.dilatorNaris,faceMuscles.Zyg_Minor,faceMuscles.mentalis_lowerLip,faceMuscles.triangularis_L,faceMuscles.triangularis_R,faceMuscles.orbOris_up_hi,faceMuscles.jawOpenComp,faceMuscles.blow,jaw.rotateZ,jaw.rotateY,jaw.translateX,blink_ctl.translateY,loBlink_ctl.translateY
258,0.000,0.000,0.102,0.097,0.025,0.000,0.000,0.090,0.000,0.000,0.000,0.439,0.084,0.000,0.000,0.012,0.000,0.000,0.062,0.012,0.000,0.000,0.350,0.010,0.000,0.098,0.000,0.000,0.000,0.101,0.057,0.049,0.000,0.000,0.000,0.000,0.000,0.000,0.000,0.000,0.000,0.000,0.113,0.000,0.113,0.000,0.110,0.199,0.000
259,0.000,0.000,0.102,0.097,0.025,0.000,0.000,0.090,0.000,0.000,0.000,0.439,0.084,0.000,0.000,0.012,0.000,0.000,0.062,0.012,0.000,0.000,0.350,0.013,0.000,0.098,0.000,0.000,0.000,0.101,0.057,0.049,0.000,0.000,0.000,0.000,0.000,0.000,0.000,0.000,0.000,0.000,0.113,0.000,0.113,0.000,0.110,0.199,0.000
260,0.000,0.000,0.102,0.097,0.025,0.000,0.000,0.090,0.000,0.000,0.000,0.439,0.084,0.000,0.000,0.012,0.000,0.000,0.062,0.012,0.000,0.000,0.350,0.023,0.000,0.098,0.000,0.000,0.000,0.101,0.057,0.049,0.000,0.000,0.000,0.000,0.000,0.000,0.000,0.000,0.000,0.000,0.113,0.000,0.113,0.000,0.110,0.199,0.000
261,0.000,0.000,0.102,0.097,0.025,0.000,0.000,0.090,0.000,0.000,0.000,0.439,0.084,0.000,0.000,0.012,0.000,0.000,0.062,0.012,0.000,0.000,0.350,0.037,0.000,0.098,0.000,0.000,0.000,0.101,0.057,0.049,0.000,0.000,0.000,0.000,0.000,0.000,0.000,0.000,0.000,0.000,0.113,0.000,0.113,0.000,0.110,0.199,0.000
262,0.000,0.000,0.102,0.097,0.025,0.000,0.000,0.090,0.000,0.000,0.000,0.439,0.084,0.000,0.000,0.012,0.000,0.000,0.062,0.012,0.000,0.000,0.350,0.055,0.000,0.098,0.000,0.000,0.000,0.101,0.057,0.049,0.000,0.000,0.000,0.000,0.000,0.000,0.000,0.000,0.000,0.000,0.113,0.000,0.113,0.000,0.110,0.199,0.000
263,0.000,0.000,0.102,0.097,0.025,0.000,0.000,0.195,0.000,0.000,0.000,0.439,0.084,0.000,0.000,0.012,0.000,0.000,0.062,0.012,0.000,0.000,0.350,0.075,0.000,0.098,0.000,0.000,0.000,0.101,0.057,0.049,0.000,0.000,0.000,0.000,0.000,0.000,0.000,0.000,0.000,0.000,0.113,0.000,0.113,0.000,0.110,0.199,0.000
264,0.000,0.000,0.102,0.097,0.025,0.000,0.000,0.300,0.000,0.000,0.000,0.439,0.084,0.000,0.000,0.012,0.000,0.000,0.062,0.012,0.000,0.000,0.350,0.095,0.000,0.098,0.000,0.000,0.000,0.101,0.057,0.049,0.000,0.000,0.000,0.000,0.000,0.000,0.000,0.000,0.000,0.000,0.113,0.000,0.113,0.000,0.110,0.199,0.000
265,0.000,0.000,0.102,0.097,0.025,0.000,0.000,0.300,0.000,0.000,0.000,0.439,0.084,0.000,0.000,0.012,0.000,0.000,0.062,0.012,0.000,0.000,0.350,0.115,0.000,0.098,0.000,0.000,0.000,0.101,0.057,0.049,0.000,0.000,0.000,0.000,0.000,0.000,0.000,0.000,0.000,0.000,0.113,0.000,0.113,0.000,0.110,0.199,0.000
266,0.000,0.000,0.102,0.097,0.025,0.000,0.000,0.300,0.000,0.000,0.000,0.439,0.084,0.000,0.000,0.026,0.000,0.000,0.062,0.012,0.000,0.000,0.350,0.133,0.000,0.098,0.000,0.000,0.000,0.101,0.057,0.049,0.000,0.000,0.000,0.000,0.000,0.000,0.000,0.000,0.000,0.000,0.113,0.000,0.113,0.000,0.110,0.342,0.000
267,0.000,0.000,0.102,0.097,0.025,0.000,0.000,0.300,0.000,0.000,0.000,0.439,0.084,0.000,0.000,0.057,0.000,0.000,0.062,0.012,0.000,0.000,0.350,0.147,0.000,0.098,0.000,0.000,0.000,0.101,0.057,0.049,0.000,0.000,0.000,0.000,0.000,0.000,0.000,0.000,0.000,0.000,0.113,0.000,0.113,0.000,0.110,0.486,0.000
268,0.000,0.000,0.102,0.097,0.025,0.000,0.000,0.300,0.000,0.000,0.000,0.439,0.084,0.000,0.000,0.088,0.000,0.000,0.062,0.012,0.000,0.000,0.350,0.157,0.000,0.098,0.000,0.000,0.000,0.101,0.057,0.049,0.000,0.000,0.000,0.000,0.000,0.000,0.000,0.000,0.000,0.000,0.113,0.000,0.113,0.000,0.110,0.390,0.000
269,0.000,0.000,0.102,0.097,0.025,0.000,0.000,0.290,0.000,0.000,0.000,0.439,0.084,0.000,0.000,0.102,0.000,0.000,0.062,0.012,0.000,0.000,0.350,0.160,0.000,0.098,0.000,0.000,0.000,0.101,0.057,0.049,0.000,0.000,0.000,0.000,0.000,0.000,0.000,0.000,0.000,0.000,0.113,0.000,0.113,0.000,0.110,0.212,0.000
270,0.000,0.000,0.102,0.097,0.025,0.000,0.000,0.270,0.000,0.000,0.000,0.439,0.084,0.000,0.000,0.101,0.000,0.000,0.062,0.012,0.000,0.000,0.350,0.155,0.000,0.098,0.000,0.000,0.000,0.101,0.057,0.049,0.000,0.000,0.000,0.000,0.000,0.000,0.000,0.000,0.000,0.000,0.113,0.000,0.113,0.000,0.110,0.116,0.000
271,0.000,0.000,0.102,0.097,0.025,0.000,0.000,0.249,0.000,0.000,0.000,0.439,0.084,0.000,0.000,0.099,0.000,0.000,0.062,0.012,0.000,0.000,0.350,0.143,0.000,0.098,0.000,0.000,0.000,0.101,0.057,0.049,0.000,0.000,0.000,0.000,0.000,0.000,0.000,0.000,0.000,0.000,0.113,0.000,0.113,0.000,0.110,0.125,0.000
272,0.000,0.000,0.102,0.097,0.025,0.000,0.000,0.240,0.000,0.000,0.000,0.439,0.084,0.000,0.000,0.094,0.000,0.000,0.062,0.012,0.000,0.000,0.350,0.124,0.000,0.098,0.000,0.000,0.000,0.101,0.057,0.049,0.000,0.000,0.000,0.000,0.000,0.000,0.000,0.000,0.000,0.000,0.113,0.000,0.113,0.000,0.110,0.145,0.000
273,0.000,0.000,0.102,0.097,0.025,0.000,0.000,0.240,0.000,0.000,0.000,0.439,0.084,0.000,0.000,0.088,0.000,0.000,0.062,0.012,0.000,0.000,0.350,0.102,0.000,0.098,0.000,0.000,0.000,0.101,0.057,0.049,0.000,0.000,0.000,0.000,0.000,0.000,0.000,0.000,0.000,0.000,0.113,0.000,0.113,0.000,0.110,0.170,0.000
274,0.000,0.000,0.098,0.097,0.025,0.000,0.000,0.240,0.000,0.000,0.000,0.439,0.084,0.000,0.000,0.081,0.000,0.000,0.062,0.012,0.000,0.000,0.350,0.078,0.000,0.098,0.000,0.000,0.000,0.101,0.057,0.049,0.000,0.000,0.000,0.000,0.000,0.000,0.000,0.000,0.000,0.000,0.113,0.000,0.113,0.000,0.110,0.190,0.000
275,0.000,0.000,0.087,0.097,0.025,0.000,0.000,0.240,0.000,0.000,0.000,0.439,0.084,0.000,0.000,0.074,0.000,0.000,0.062,0.012,0.000,0.000,0.350,0.055,0.000,0.098,0.000,0.000,0.000,0.101,0.057,0.049,0.000,0.000,0.000,0.000,0.000,0.000,0.000,0.000,0.000,0.000,0.113,0.000,0.113,0.000,0.110,0.199,0.000
276,0.000,0.000,0.072,0.086,0.025,0.000,0.000,0.198,0.000,0.000,0.000,0.439,0.084,0.000,0.000,0.066,0.000,0.000,0.062,0.012,0.000,0.000,0.350,0.034,0.000,0.098,0.000,0.000,0.000,0.101,0.057,0.049,0.000,0.000,0.000,0.000,0.000,0.000,0.000,0.000,0.000,0.000,0.113,0.000,0.113,0.000,0.110,-0.488,0.016
277,0.003,0.000,0.052,0.064,0.025,0.000,0.003,0.119,0.000,0.000,0.000,0.439,0.084,0.000,0.000,0.057,0.000,0.000,0.062,0.012,0.000,0.000,0.350,0.019,0.000,0.098,0.000,0.000,0.000,0.101,0.057,0.049,0.000,0.000,0.000,0.000,0.000,0.000,0.000,0.000,0.000,0.000,0.113,0.000,0.113,0.000,0.110,-1.000,0.032
278,0.010,0.000,0.031,0.052,0.025,0.000,0.011,0.077,0.000,0.000,0.000,0.439,0.084,0.000,0.000,0.049,0.000,0.000,0.062,0.012,0.000,0.000,0.350,0.010,0.000,0.098,0.000,0.000,0.000,0.101,0.057,0.049,0.000,0.000,0.000,0.000,0.000,0.000,0.000,0.000,0.000,0.000,0.113,0.000,0.113,0.000,0.110,-1.000,0.023
279,0.021,0.000,0.010,0.052,0.025,0.000,0.022,0.175,0.000,0.000,0.000,0.568,0.083,0.000,0.000,0.041,0.000,0.000,0.059,0.012,0.000,0.000,0.320,0.006,0.016,0.098,0.000,0.000,0.000,0.101,0.057,0.049,0.000,0.000,0.000,0.000,0.000,0.000,0.000,0.000,0.000,0.000,0.111,0.000,0.111,0.000,0.108,-0.818,0.008
280,0.033,0.000,-0.009,0.052,0.025,0.000,0.036,0.292,0.000,0.000,0.000,0.808,0.079,0.000,0.000,0.033,0.000,0.000,0.052,0.012,0.000,0.000,0.241,0.004,0.057,0.098,0.000,0.000,0.000,0.101,0.057,0.049,0.000,0.000,0.000,0.000,0.000,0.000,0.000,0.000,0.000,0.000,0.106,0.000,0.106,0.000,0.103,-0.157,0.000
281,0.047,0.000,-0.025,0.052,0.025,0.000,0.050,0.319,0.000,0.000,0.000,0.937,0.075,0.000,0.000,0.026,0.000,0.000,0.042,0.012,0.000,0.000,0.134,0.002,0.113,0.098,0.000,0.000,0.000,0.101,0.057,0.049,0.000,0.000,0.000,0.000,0.000,0.000,0.000,0.000,0.000,0.000,0.099,0.000,0.099,0.000,0.096,0.199,0.000
282,0.061,0.000,-0.035,0.052,0.025,0.000,0.063,0.328,0.000,0.000,0.000,0.937,0.069,0.000,0.000,0.021,0.000,0.000,0.031,0.012,0.000,0.000,0.016,0.001,0.174,0.098,0.000,0.000,0.000,0.101,0.057,0.049,0.000,0.000,0.000,0.000,0.000,0.000,0.000,0.000,0.000,0.000,0.092,0.000,0.092,0.000,0.089,0.168,0.000
283,0.074,0.000,-0.039,0.052,0.025,0.000,0.075,0.330,0.000,0.000,0.000,0.937,0.064,0.000,0.000,0.016,0.000,0.000,0.021,0.012,0.000,0.000,-0.091,0.000,0.230,0.098,0.000,0.000,0.000,0.101,0.057,0.049,0.000,0.000,0.000,0.000,0.000,0.000,0.000,0.000,0.000,0.000,0.085,0.000,0.085,0.000,0.083,0.099,0.000
284,0.084,0.000,-0.039,0.052,0.025,0.000,0.082,0.272,0.000,0.000,0.000,0.937,0.061,0.000,0.000,0.013,0.000,0.000,0.013,0.012,0.000,0.000,-0.170,0.000,0.272,0.098,0.000,0.000,0.000,0.101,0.057,0.049,0.000,0.000,0.000,0.000,0.000,0.000,0.000,0.000,0.000,0.000,0.080,0.000,0.080,0.000,0.078,0.031,0.000
285,0.090,0.000,-0.039,0.052,0.025,0.000,0.085,0.214,0.000,0.000,0.000,0.937,0.059,0.000,0.000,0.012,0.000,0.000,0.010,0.012,0.000,0.000,-0.200,0.000,0.287,0.098,0.000,0.000,0.000,0.101,0.057,0.049,0.000,0.000,0.000,0.000,0.000,0.000,0.000,0.000,0.000,0.000,0.078,0.000,0.078,0.000,0.076,0.000,0.000
286,0.094,0.000,-0.039,0.052,0.025,0.000,0.085,0.214,0.000,0.000,0.002,0.937,0.059,0.000,0.000,0.012,0.000,0.000,0.011,0.012,0.000,0.000,-0.199,0.000,0.286,0.106,0.000,0.000,0.000,0.101,0.057,0.049,0.000,0.000,0.000,0.000,0.000,0.000,0.000,0.000,0.000,0.000,0.079,0.000,0.079,0.000,0.076,0.000,0.000
287,0.097,0.000,-0.039,0.052,0.025,0.000,0.085,0.214,0.000,0.000,0.009,0.937,0.059,0.000,0.000,0.012,0.000,0.000,0.012,0.012,0.000,0.000,-0.196,0.000,0.281,0.129,0.000,0.000,0.000,0.101,0.057,0.049,0.000,0.000,0.000,0.000,0.000,0.000,0.000,0.000,0.000,0.000,0.079,0.000,0.079,0.000,0.077,0.000,0.000
288,0.100,0.000,-0.039,0.052,0.025,0.000,0.085,0.214,0.000,0.000,0.019,0.937,0.059,0.000,0.000,0.012,0.000,0.000,0.013,0.012,0.000,0.000,-0.191,0.000,0.273,0.159,0.000,0.000,0.000,0.101,0.057,0.049,0.000,0.000,0.000,0.000,0.000,0.000,0.000,0.000,0.000,0.000,0.080,0.000,0.080,0.000,0.078,0.000,0.000
289,0.102,0.000,-0.039,0.052,0.025,0.000,0.085,0.214,0.000,0.000,0.032,0.937,0.059,0.000,0.000,0.012,0.000,0.000,0.015,0.012,0.000,0.000,-0.185,0.000,0.262,0.193,0.000,0.000,0.000,0.101,0.057,0.049,0.000,0.000,0.000,0.000,0.000,0.000,0.000,0.000,0.000,0.000,0.082,0.000,0.082,0.000,0.079,0.000,0.000
290,0.103,0.000,-0.039,0.052,0.025,0.000,0.085,0.214,0.000,0.000,0.049,0.937,0.059,0.000,0.000,0.012,0.000,0.000,0.017,0.012,0.000,0.000,-0.178,0.000,0.250,0.223,0.000,0.000,0.000,0.101,0.057,0.049,0.000,0.000,0.000,0.000,0.000,0.000,0.000,0.000,0.000,0.000,0.084,0.000,0.084,0.000,0.081,0.000,0.000
291,0.104,0.000,-0.039,0.052,0.025,0.000,0.085,0.214,0.000,0.000,0.068,0.937,0.059,0.000,0.000,0.012,0.000,0.000,0.020,0.012,0.000,0.000,-0.169,0.000,0.235,0.245,0.000,0.000,0.000,0.101,0.057,0.049,0.000,0.000,0.000,0.000,0.000,0.000,0.000,0.000,0.000,0.000,0.086,0.000,0.086,0.000,0.083,0.000,0.000
292,0.105,0.000,-0.039,0.052,0.025,0.000,0.085,0.214,0.000,0.000,0.089,0.937,0.059,0.000,0.000,0.012,0.000,0.000,0.023,0.012,0.000,0.000,-0.159,0.000,0.219,0.254,0.000,0.000,0.000,0.101,0.057,0.049,0.000,0.000,0.000,0.000,0.000,0.000,0.000,0.000,0.000,0.000,0.088,0.000,0.088,0.000,0.085,0.000,0.000
293,0.106,0.000,-0.039,0.052,0.025,0.000,0.085,0.214,0.000,0.000,0.112,0.937,0.059,0.000,0.000,0.012,0.000,0.000,0.026,0.012,0.000,0.000,-0.149,0.000,0.201,0.254,0.000,0.000,0.000,0.101,0.057,0.049,0.000,0.000,0.000,0.000,0.000,0.000,0.000,0.000,0.000,0.000,0.091,0.000,0.091,0.000,0.088,0.000,0.000
294,0.106,0.000,-0.039,0.052,0.025,0.000,0.085,0.214,0.000,0.000,0.136,0.937,0.059,0.000,0.000,0.012,0.000,0.000,0.029,0.012,0.000,0.000,-0.138,0.000,0.182,0.254,0.000,0.000,0.000,0.101,0.057,0.049,0.000,0.000,0.000,0.000,0.000,0.000,0.000,0.000,0.000,0.000,0.093,0.000,0.093,0.000,0.090,0.000,0.000
295,0.106,0.000,-0.039,0.052,0.025,0.000,0.085,0.214,0.000,0.000,0.160,0.937,0.059,0.000,0.000,0.012,0.000,0.000,0.033,0.012,0.000,0.000,-0.126,0.000,0.163,0.254,0.000,0.000,0.000,0.101,0.057,0.049,0.000,0.000,0.000,0.000,0.000,0.000,0.000,0.000,0.000,0.000,0.096,0.000,0.096,0.000,0.093,0.000,0.000
296,0.107,0.000,-0.039,0.052,0.025,0.000,0.085,0.214,0.000,0.000,0.186,0.937,0.059,0.000,0.000,0.012,0.000,0.000,0.036,0.012,0.000,0.000,-0.115,0.000,0.144,0.254,0.000,0.000,0.000,0.101,0.057,0.049,0.000,0.000,0.000,0.000,0.000,0.000,0.000,0.000,0.000,0.000,0.099,0.000,0.099,0.000,0.096,0.000,0.000
297,0.107,0.000,-0.039,0.052,0.025,0.000,0.085,0.214,0.000,0.000,0.211,0.937,0.059,0.000,0.000,0.012,0.000,0.000,0.040,0.012,0.000,0.000,-0.103,0.000,0.124,0.254,0.000,0.000,0.000,0.101,0.057,0.049,0.000,0.000,0.000,0.000,0.000,0.000,0.000,0.000,0.000,0.000,0.101,0.000,0.101,0.000,0.098,0.000,0.000
298,0.108,0.000,-0.039,0.052,0.025,0.000,0.085,0.214,0.000,0.000,0.236,0.937,0.059,0.000,0.000,0.012,0.000,0.000,0.043,0.012,0.000,0.000,-0.092,0.000,0.105,0.254,0.000,0.000,0.000,0.101,0.057,0.049,0.000,0.000,0.000,0.000,0.000,0.000,0.000,0.000,0.000,0.000,0.104,0.000,0.104,0.000,0.101,0.000,0.000
299,0.109,0.000,-0.039,0.052,0.025,0.000,0.085,0.214,0.000,0.000,0.260,0.937,0.059,0.000,0.000,0.012,0.000,0.000,0.046,0.012,0.000,0.000,-0.081,0.000,0.086,0.254,0.000,0.000,0.000,0.101,0.057,0.049,0.000,0.000,0.000,0.000,0.000,0.000,0.000,0.000,0.000,0.000,0.107,0.000,0.107,0.000,0.104,0.000,0.000
300,0.110,0.000,-0.039,0.052,0.025,0.000,0.085,0.214,0.000,0.000,0.282,0.937,0.059,0.000,0.000,0.012,0.000,0.000,0.049,0.012,0.000,0.000,-0.070,0.000,0.069,0.254,0.000,0.000,0.000,0.101,0.057,0.049,0.000,0.000,0.000,0.000,0.000,0.000,0.000,0.000,0.000,0.000,0.109,0.000,0.109,0.000,0.106,0.000,0.000
301,0.111,0.000,-0.039,0.052,0.025,0.000,0.085,0.214,0.000,0.000,0.303,0.937,0.059,0.000,0.000,0.012,0.000,0.000,0.052,0.012,0.000,0.000,-0.061,0.000,0.052,0.254,0.000,0.000,0.000,0.101,0.057,0.049,0.000,0.000,0.000,0.000,0.000,0.000,0.000,0.000,0.000,0.000,0.112,0.000,0.112,0.000,0.108,0.000,0.000
302,0.114,0.000,-0.039,0.052,0.025,0.000,0.085,0.214,0.000,0.000,0.322,0.937,0.059,0.000,0.000,0.012,0.000,0.000,0.055,0.012,0.000,0.000,-0.052,0.000,0.038,0.254,0.000,0.000,0.000,0.101,0.057,0.056,0.000,0.000,0.000,0.000,0.000,0.000,0.000,0.000,0.000,0.000,0.114,0.000,0.114,0.000,0.110,0.000,0.000
303,0.116,0.000,-0.039,0.052,0.025,0.000,0.085,0.214,0.000,0.000,0.339,0.937,0.059,0.000,0.000,0.012,0.000,0.000,0.057,0.012,0.000,0.000,-0.044,0.000,0.025,0.254,0.000,0.000,0.000,0.101,0.057,0.073,0.000,0.000,0.000,0.000,0.000,0.000,0.000,0.000,0.000,0.000,0.115,0.000,0.115,0.000,0.112,0.000,0.000
304,0.120,0.000,-0.039,0.052,0.025,0.000,0.085,0.214,0.000,0.000,0.352,0.937,0.059,0.000,0.000,0.012,0.000,0.000,0.059,0.012,0.000,0.000,-0.038,0.000,0.015,0.253,0.000,0.000,0.000,0.101,0.057,0.096,0.000,0.000,0.000,0.000,0.000,0.000,0.000,0.000,0.000,0.000,0.117,0.000,0.117,0.000,0.114,0.000,0.000
305,0.124,0.000,-0.039,0.052,0.025,0.000,0.085,0.214,0.000,0.000,0.363,0.937,0.059,0.000,0.000,0.012,0.000,0.000,0.061,0.012,0.000,0.000,-0.033,0.000,0.007,0.253,0.000,0.000,0.000,0.101,0.057,0.119,0.000,0.000,0.000,0.000,0.000,0.000,0.000,0.000,0.000,0.000,0.118,0.000,0.118,0.000,0.115,0.000,0.000
306,0.131,0.000,-0.039,0.052,0.025,0.000,0.085,0.214,0.000,0.000,0.369,0.937,0.059,0.000,0.000,0.012,0.000,0.000,0.061,0.012,0.000,0.000,-0.030,0.000,0.002,0.253,0.000,0.000,0.000,0.101,0.057,0.136,0.000,0.000,0.000,0.000,0.000,0.000,0.000,0.000,0.000,0.000,0.119,0.000,0.119,0.000,0.115,0.000,0.000
307,0.141,0.000,-0.039,0.052,0.025,0.000,0.085,0.214,0.000,0.000,0.371,0.937,0.059,0.000,0.000,0.012,0.000,0.000,0.062,0.012,0.000,0.000,-0.029,0.000,0.000,0.253,0.000,0.000,0.000,0.101,0.057,0.143,0.000,0.000,0.000,0.000,0.000,0.000,0.000,0.000,0.000,0.000,0.119,0.000,0.119,0.000,0.116,0.000,0.000
308,0.153,0.000,-0.039,0.052,0.025,0.000,0.085,0.214,0.000,0.000,0.371,0.937,0.059,0.000,0.000,0.012,0.000,0.000,0.062,0.012,0.000,0.000,-0.029,0.000,0.000,0.253,0.000,0.000,0.000,0.101,0.057,0.143,0.000,0.000,0.000,0.000,0.000,0.000,0.000,0.000,0.000,0.000,0.119,0.000,0.119,0.000,0.116,0.000,0.000
309,0.168,0.000,-0.039,0.052,0.025,0.000,0.085,0.214,0.000,0.000,0.371,0.937,0.059,0.000,0.000,0.012,0.000,0.000,0.062,0.012,0.000,0.000,-0.029,0.000,0.000,0.253,0.000,0.000,0.000,0.101,0.057,0.143,0.000,0.000,0.000,0.000,0.000,0.000,0.000,0.000,0.000,0.000,0.119,0.000,0.119,0.000,0.116,0.000,0.000
310,0.182,0.000,-0.039,0.052,0.025,0.000,0.085,0.214,0.000,0.000,0.371,0.937,0.059,0.000,0.000,0.012,0.000,0.000,0.062,0.012,0.000,0.000,-0.029,0.000,0.000,0.253,0.000,0.000,0.000,0.101,0.057,0.143,0.000,0.000,0.000,0.000,0.000,0.000,0.000,0.000,0.000,0.000,0.119,0.000,0.119,0.000,0.116,0.000,0.000
311,0.197,0.000,-0.039,0.052,0.025,0.000,0.085,0.214,0.000,0.000,0.371,0.937,0.059,0.000,0.000,0.012,0.000,0.000,0.062,0.012,0.000,0.000,-0.029,0.000,0.000,0.253,0.000,0.000,0.000,0.101,0.057,0.143,0.000,0.000,0.000,0.000,0.000,0.000,0.000,0.000,0.000,0.000,0.119,0.000,0.119,0.000,0.116,0.000,0.000
312,0.209,0.000,-0.039,0.052,0.025,0.000,0.085,0.214,0.000,0.000,0.371,0.937,0.059,0.000,0.000,0.012,0.000,0.000,0.062,0.012,0.000,0.000,-0.029,0.000,0.000,0.253,0.000,0.000,0.000,0.101,0.057,0.143,0.000,0.000,0.000,0.000,0.000,0.000,0.000,0.000,0.000,0.000,0.119,0.000,0.119,0.000,0.116,0.000,0.000
313,0.220,0.000,-0.039,0.052,0.025,0.000,0.085,0.214,0.000,0.000,0.371,0.937,0.059,0.000,0.000,0.012,0.000,0.000,0.062,0.012,0.000,0.000,-0.029,0.000,0.000,0.253,0.000,0.000,0.000,0.101,0.057,0.143,0.000,0.000,0.000,0.000,0.000,0.000,0.000,0.000,0.000,0.000,0.119,0.000,0.119,0.000,0.116,0.000,0.000
314,0.227,0.000,-0.039,0.052,0.025,0.000,0.085,0.214,0.000,0.000,0.371,0.937,0.059,0.000,0.000,0.012,0.000,0.000,0.062,0.012,0.000,0.000,-0.029,0.000,0.000,0.253,0.000,0.000,0.000,0.101,0.057,0.143,0.000,0.000,0.000,0.000,0.000,0.000,0.000,0.000,0.000,0.000,0.119,0.000,0.119,0.000,0.116,0.000,0.000
315,0.229,0.000,-0.039,0.052,0.025,0.000,0.085,0.214,0.000,0.000,0.371,0.937,0.059,0.000,0.000,0.012,0.000,0.000,0.062,0.012,0.000,0.000,-0.029,0.000,0.000,0.252,0.000,0.000,0.000,0.101,0.057,0.143,0.000,0.000,0.000,0.000,0.000,0.000,0.000,0.000,0.000,0.000,0.119,0.000,0.119,0.000,0.116,0.000,0.000
316,0.229,0.000,-0.039,0.052,0.025,0.000,0.085,0.214,0.000,0.000,0.371,0.937,0.059,0.000,0.000,0.012,0.000,0.000,0.062,0.012,0.000,0.000,-0.029,0.000,0.000,0.252,0.000,0.000,0.000,0.101,0.057,0.143,0.000,0.000,0.000,0.000,0.000,0.000,0.000,0.000,0.000,0.000,0.119,0.000,0.119,0.000,0.116,0.000,0.000
317,0.229,0.000,-0.039,0.052,0.025,0.000,0.085,0.214,0.000,0.000,0.371,0.937,0.059,0.000,0.000,0.012,0.000,0.000,0.062,0.012,0.000,0.000,-0.029,0.000,0.000,0.252,0.000,0.000,0.000,0.101,0.057,0.143,0.000,0.000,0.000,0.000,0.000,0.000,0.000,0.000,0.000,0.000,0.119,0.000,0.119,0.000,0.116,0.000,0.000
318,0.229,0.000,-0.039,0.052,0.025,0.000,0.085,0.214,0.000,0.000,0.371,0.937,0.059,0.000,0.000,0.012,0.000,0.000,0.062,0.012,0.000,0.000,-0.029,0.000,0.000,0.252,0.000,0.000,0.000,0.101,0.057,0.143,0.000,0.000,0.000,0.000,0.000,0.000,0.000,0.000,0.000,0.000,0.119,0.000,0.119,0.000,0.116,0.000,0.000
319,0.229,0.000,-0.039,0.052,0.025,0.000,0.085,0.214,0.000,0.000,0.371,0.937,0.059,0.000,0.000,0.012,0.000,0.004,0.062,0.012,0.000,0.000,-0.029,0.000,0.000,0.252,0.000,0.000,0.000,0.101,0.057,0.143,0.000,0.000,0.000,0.000,0.000,0.000,0.000,0.000,0.000,0.000,0.119,0.000,0.119,0.000,0.116,0.000,0.000
320,0.229,0.000,-0.039,0.052,0.025,0.000,0.085,0.214,0.000,0.000,0.371,0.937,0.059,0.000,0.000,0.012,0.000,0.016,0.062,0.012,0.000,0.000,-0.029,0.000,0.000,0.252,0.000,0.000,0.000,0.101,0.057,0.143,0.000,0.000,0.000,0.000,0.000,0.000,0.000,0.000,0.000,0.000,0.119,0.000,0.119,0.000,0.116,0.000,0.000
321,0.229,0.000,-0.039,0.052,0.025,0.000,0.085,0.214,0.000,0.000,0.371,0.937,0.059,0.000,0.000,0.012,0.000,0.032,0.062,0.012,0.000,0.000,-0.029,0.000,0.000,0.252,0.000,0.000,0.000,0.101,0.057,0.143,0.000,0.000,0.000,0.000,0.000,0.000,0.000,0.000,0.000,0.000,0.119,0.000,0.119,0.000,0.116,0.000,0.000
322,0.229,0.000,-0.039,0.052,0.025,0.000,0.085,0.214,0.000,0.000,0.371,0.937,0.059,0.000,0.000,0.012,0.000,0.051,0.062,0.012,0.000,0.000,-0.029,0.000,0.000,0.252,0.000,0.000,0.000,0.101,0.057,0.143,0.000,0.000,0.000,0.000,0.000,0.000,0.000,0.000,0.000,0.000,0.119,0.000,0.119,0.000,0.116,0.000,0.000
323,0.229,0.000,-0.039,0.052,0.025,0.000,0.085,0.214,0.000,0.000,0.371,0.937,0.059,0.000,0.000,0.012,0.000,0.072,0.062,0.012,0.000,0.000,-0.029,0.000,0.000,0.252,0.000,0.000,0.000,0.101,0.057,0.143,0.000,0.000,0.000,0.000,0.000,0.000,0.000,0.000,0.000,0.000,0.119,0.000,0.119,0.000,0.116,0.000,0.000
324,0.229,0.000,-0.039,0.052,0.025,0.000,0.085,0.214,0.000,0.000,0.371,0.937,0.059,0.000,0.000,0.012,0.000,0.091,0.062,0.012,0.000,0.000,-0.029,0.000,0.000,0.252,0.000,0.000,0.000,0.101,0.057,0.143,0.000,0.000,0.000,0.000,0.000,0.000,0.000,0.000,0.000,0.000,0.119,0.000,0.119,0.000,0.116,0.000,0.000
325,0.229,0.000,-0.039,0.052,0.025,0.000,0.085,0.214,0.000,0.000,0.371,0.937,0.059,0.000,0.000,0.012,0.000,0.107,0.062,0.012,0.000,0.000,-0.029,0.000,0.000,0.252,0.000,0.000,0.000,0.101,0.057,0.143,0.000,0.000,0.000,0.000,0.000,0.000,0.000,0.000,0.000,0.000,0.119,0.000,0.119,0.000,0.116,0.000,0.000
326,0.226,0.000,-0.039,0.052,0.025,0.000,0.085,0.214,0.000,0.000,0.371,0.937,0.059,0.000,0.000,0.012,0.000,0.119,0.062,0.012,0.000,0.000,-0.029,0.000,0.000,0.252,0.000,0.000,0.000,0.101,0.057,0.143,0.000,0.000,0.000,0.000,0.000,0.000,0.000,0.000,0.000,0.000,0.119,0.000,0.119,0.000,0.116,0.000,0.000
327,0.217,0.000,-0.039,0.052,0.025,0.000,0.085,0.214,0.000,0.000,0.371,0.937,0.059,0.000,0.000,0.012,0.000,0.123,0.062,0.012,0.000,0.000,-0.029,0.000,0.000,0.252,0.000,0.000,0.000,0.101,0.057,0.143,0.000,0.000,0.000,0.000,0.000,0.000,0.000,0.000,0.000,0.000,0.119,0.000,0.119,0.000,0.116,0.000,0.000
328,0.205,0.000,-0.039,0.052,0.025,0.000,0.085,0.214,0.000,0.000,0.371,0.937,0.059,0.000,0.000,0.012,0.000,0.123,0.062,0.012,0.000,0.000,-0.029,0.000,0.000,0.252,0.000,0.000,0.000,0.101,0.057,0.143,0.000,0.000,0.000,0.000,0.000,0.000,0.000,0.000,0.000,0.000,0.119,0.000,0.119,0.000,0.116,0.000,0.000
329,0.192,0.000,-0.039,0.052,0.025,0.000,0.085,0.214,0.000,0.000,0.371,0.937,0.059,0.000,0.000,0.012,0.000,0.123,0.062,0.012,0.000,0.000,-0.029,0.000,0.000,0.252,0.000,0.000,0.000,0.101,0.057,0.143,0.000,0.000,0.000,0.000,0.000,0.000,0.000,0.000,0.000,0.000,0.119,0.000,0.119,0.000,0.116,0.000,0.000
330,0.181,0.000,-0.039,0.052,0.025,0.000,0.085,0.214,0.000,0.000,0.371,0.937,0.059,0.000,0.000,0.012,0.000,0.123,0.062,0.012,0.000,0.000,-0.029,0.000,0.000,0.252,0.000,0.000,0.000,0.101,0.057,0.143,0.000,0.000,0.000,0.000,0.000,0.000,0.000,0.000,0.000,0.000,0.119,0.000,0.119,0.000,0.116,0.000,0.000
331,0.173,0.000,-0.039,0.052,0.025,0.000,0.085,0.214,0.000,0.000,0.371,0.937,0.059,0.000,0.000,0.012,0.000,0.123,0.062,0.012,0.000,0.000,-0.029,0.000,0.000,0.252,0.000,0.000,0.000,0.101,0.057,0.143,0.000,0.000,0.000,0.000,0.000,0.000,0.000,0.000,0.000,0.000,0.119,0.000,0.119,0.000,0.116,0.000,0.000
332,0.167,0.000,-0.039,0.052,0.025,0.000,0.085,0.214,0.000,0.000,0.371,0.937,0.059,0.000,0.000,0.012,0.000,0.123,0.062,0.012,0.000,0.000,-0.029,0.000,0.000,0.252,0.000,0.000,0.000,0.101,0.057,0.143,0.000,0.000,0.000,0.000,0.000,0.000,0.000,0.000,0.000,0.000,0.119,0.000,0.119,0.000,0.116,0.000,0.000
333,0.161,0.000,-0.039,0.052,0.025,0.000,0.085,0.214,0.000,0.000,0.371,0.937,0.059,0.000,0.000,0.012,0.000,0.123,0.062,0.012,0.000,0.000,-0.029,0.000,0.000,0.252,0.000,0.000,0.000,0.101,0.057,0.143,0.000,0.000,0.000,0.000,0.000,0.000,0.000,0.000,0.000,0.000,0.119,0.000,0.119,0.000,0.116,0.000,0.000
334,0.156,0.000,-0.039,0.052,0.025,0.000,0.085,0.214,0.000,0.000,0.371,0.937,0.059,0.000,0.000,0.012,0.000,0.123,0.062,0.012,0.000,0.000,-0.029,0.000,0.000,0.252,0.000,0.000,0.000,0.101,0.057,0.143,0.000,0.000,0.000,0.000,0.000,0.000,0.000,0.000,0.000,0.000,0.119,0.000,0.119,0.000,0.116,0.000,0.000
335,0.151,0.000,-0.039,0.052,0.025,0.000,0.085,0.214,0.000,0.000,0.371,0.937,0.059,0.000,0.000,0.012,0.000,0.123,0.062,0.012,0.000,0.000,-0.029,0.000,0.000,0.252,0.000,0.000,0.000,0.101,0.057,0.143,0.000,0.000,0.000,0.000,0.000,0.000,0.000,0.000,0.000,0.000,0.119,0.000,0.119,0.000,0.116,0.000,0.000
336,0.146,0.000,-0.039,0.052,0.025,0.000,0.085,0.214,0.000,0.000,0.371,0.937,0.059,0.000,0.000,0.012,0.000,0.123,0.062,0.012,0.000,0.000,-0.029,0.000,0.000,0.252,0.000,0.000,0.000,0.101,0.057,0.143,0.000,0.000,0.000,0.000,0.000,0.000,0.000,0.000,0.000,0.000,0.119,0.000,0.119,0.000,0.116,0.000,0.000
337,0.142,0.000,-0.039,0.052,0.025,0.000,0.085,0.214,0.000,0.000,0.371,0.937,0.059,0.000,0.000,0.012,0.000,0.123,0.062,0.012,0.000,0.000,-0.029,0.000,0.000,0.251,0.000,0.000,0.000,0.101,0.057,0.143,0.000,0.000,0.000,0.000,0.000,0.000,0.000,0.000,0.000,0.000,0.119,0.000,0.119,0.000,0.116,-0.525,0.000
338,0.138,0.000,-0.039,0.052,0.025,0.000,0.085,0.214,0.000,0.000,0.371,0.937,0.059,0.000,0.000,0.012,0.000,0.123,0.062,0.012,0.000,0.000,-0.029,0.000,0.000,0.251,0.000,0.000,0.000,0.101,0.057,0.143,0.000,0.000,0.000,0.000,0.000,0.000,0.000,0.000,0.000,0.000,0.119,0.000,0.119,0.000,0.116,-1.000,0.000
339,0.134,0.000,-0.039,0.052,0.025,0.000,0.085,0.214,0.000,0.000,0.371,0.937,0.059,0.000,0.000,0.012,0.000,0.123,0.062,0.012,0.000,0.000,-0.029,0.000,0.000,0.251,0.000,0.000,0.000,0.101,0.057,0.143,0.000,0.000,0.000,0.000,0.000,0.000,0.000,0.000,0.000,0.000,0.119,0.000,0.119,0.000,0.116,-0.781,0.000
340,0.131,0.000,-0.039,0.052,0.025,0.000,0.085,0.214,0.000,0.000,0.371,0.937,0.059,0.000,0.000,0.012,0.000,0.123,0.062,0.012,0.000,0.000,-0.029,0.000,0.000,0.251,0.000,0.000,0.000,0.101,0.057,0.143,0.000,0.000,0.000,0.000,0.000,0.000,0.000,0.000,0.000,0.000,0.119,0.000,0.119,0.000,0.116,-0.407,0.000
341,0.128,0.000,-0.039,0.052,0.025,0.000,0.085,0.214,0.000,0.000,0.371,0.937,0.059,0.000,0.000,0.012,0.000,0.123,0.062,0.012,0.000,0.000,-0.029,0.000,0.000,0.251,0.000,0.000,0.000,0.101,0.057,0.143,0.000,0.000,0.000,0.000,0.000,0.000,0.000,0.000,0.000,0.000,0.119,0.000,0.119,0.000,0.116,-0.208,0.000
342,0.126,0.000,-0.039,0.052,0.025,0.000,0.085,0.214,0.000,0.000,0.371,0.937,0.059,0.000,0.000,0.012,0.000,0.123,0.062,0.012,0.000,0.000,-0.029,0.000,0.000,0.251,0.000,0.000,0.000,0.101,0.057,0.143,0.000,0.000,0.000,0.000,0.000,0.000,0.000,0.000,0.000,0.000,0.119,0.000,0.119,0.000,0.116,-0.059,0.000
343,0.124,0.000,-0.039,0.052,0.025,0.000,0.085,0.214,0.000,0.000,0.371,0.937,0.059,0.000,0.000,0.012,0.000,0.123,0.062,0.012,0.000,0.000,-0.029,0.000,0.000,0.251,0.000,0.000,0.000,0.101,0.057,0.143,0.000,0.000,0.000,0.000,0.000,0.000,0.000,0.000,0.000,0.000,0.119,0.000,0.119,0.000,0.116,0.000,0.000
344,0.122,0.000,-0.039,0.052,0.025,0.000,0.085,0.214,0.000,0.000,0.371,0.937,0.059,0.000,0.000,0.012,0.000,0.123,0.062,0.012,0.000,0.000,-0.029,0.000,0.000,0.251,0.000,0.000,0.000,0.101,0.057,0.143,0.000,0.000,0.000,0.000,0.000,0.000,0.000,0.000,0.000,0.000,0.119,0.000,0.119,0.000,0.116,0.000,0.000
345,0.121,0.000,-0.039,0.052,0.025,0.000,0.085,0.214,0.000,0.000,0.371,0.937,0.059,0.000,0.000,0.012,0.000,0.123,0.062,0.012,0.000,0.000,-0.029,0.000,0.000,0.251,0.000,0.000,0.000,0.101,0.057,0.143,0.000,0.000,0.000,0.000,0.000,0.000,0.000,0.000,0.000,0.000,0.119,0.000,0.119,0.000,0.116,0.000,0.000
346,0.119,0.000,-0.039,0.052,0.025,0.000,0.085,0.237,0.000,0.000,0.371,0.937,0.059,0.000,0.000,0.012,0.000,0.123,0.062,0.012,0.000,0.000,-0.029,0.000,0.000,0.251,0.000,0.000,0.000,0.101,0.057,0.143,0.000,0.000,0.000,0.000,0.000,0.000,0.000,0.000,0.000,0.000,0.119,0.000,0.119,0.000,0.116,0.000,0.000
347,0.117,0.000,-0.039,0.052,0.025,0.000,0.047,0.260,0.000,0.000,0.371,0.937,0.059,0.000,0.000,0.012,0.000,0.118,0.062,0.012,0.000,0.000,-0.029,0.000,0.000,0.251,0.000,0.000,0.000,0.101,0.057,0.143,0.000,0.000,0.000,0.000,0.000,0.000,0.000,0.000,0.000,0.000,0.119,0.000,0.119,0.000,0.116,0.084,0.000
348,0.116,0.000,-0.039,0.052,0.025,0.000,0.009,0.253,0.000,0.000,0.391,0.956,0.059,0.000,0.000,0.012,0.000,0.117,0.081,0.012,0.000,0.000,-0.029,0.000,0.000,0.251,0.000,0.000,0.000,0.101,0.057,0.138,0.000,0.000,0.000,0.000,0.000,0.000,0.000,0.000,0.000,0.000,0.175,0.000,0.175,0.000,0.170,0.169,0.000
349,0.114,0.000,-0.039,0.052,0.025,0.000,0.029,0.237,0.000,0.000,0.416,0.920,0.059,0.000,0.000,0.012,0.000,0.114,0.106,0.012,0.000,0.000,-0.029,0.000,0.000,0.251,0.000,0.000,0.000,0.101,0.057,0.129,0.000,0.000,0.000,0.000,0.000,0.000,0.000,0.000,0.000,0.000,0.245,0.000,0.245,0.000,0.239,0.142,0.000
350,0.113,0.000,-0.039,0.052,0.025,0.000,0.065,0.221,0.000,0.000,0.423,0.817,0.059,0.000,0.000,0.012,0.000,0.099,0.113,0.012,0.000,0.000,-0.029,0.000,0.000,0.250,0.000,0.000,0.000,0.101,0.057,0.124,0.000,0.000,0.000,0.000,0.000,0.000,0.000,0.000,0.000,0.000,0.267,0.000,0.267,0.000,0.259,0.084,0.000
351,0.111,0.000,-0.039,0.052,0.025,0.000,0.085,0.214,0.000,0.000,0.426,0.760,0.059,0.000,0.000,0.012,0.000,0.083,0.116,0.012,0.000,0.000,-0.029,0.000,0.000,0.250,0.000,0.000,0.000,0.101,0.057,0.124,0.000,0.000,0.000,0.000,0.000,0.000,0.000,0.000,0.000,0.000,0.277,0.000,0.277,0.000,0.269,0.026,0.000
352,0.110,0.000,-0.039,0.052,0.025,0.000,0.085,0.214,0.000,0.000,0.426,0.761,0.059,0.000,0.000,0.012,0.000,0.071,0.117,0.012,0.000,0.000,-0.029,0.000,0.000,0.250,0.000,0.000,0.000,0.101,0.057,0.124,0.000,0.000,0.000,0.000,0.000,0.000,0.000,0.000,0.000,0.000,0.282,0.000,0.282,0.000,0.274,0.000,0.000
353,0.109,0.000,-0.039,0.052,0.025,0.000,0.085,0.214,0.000,0.000,0.412,0.747,0.059,0.000,0.000,0.012,0.000,0.057,0.102,0.012,0.000,0.000,-0.029,0.000,0.000,0.250,0.000,0.000,0.000,0.101,0.057,0.124,0.000,0.000,0.000,0.000,0.000,0.000,0.000,0.000,0.000,0.000,0.246,0.000,0.246,0.000,0.239,0.000,0.000
354,0.107,0.000,-0.039,0.052,0.025,0.000,0.085,0.214,0.000,0.000,0.385,0.728,0.059,0.000,0.000,0.012,0.000,0.041,0.076,0.012,0.000,0.000,-0.029,0.000,0.000,0.250,0.000,0.000,0.000,0.101,0.057,0.124,0.000,0.000,0.000,0.000,0.000,0.000,0.000,0.000,0.000,0.000,0.175,0.000,0.175,0.000,0.170,0.000,0.000
355,0.106,0.000,-0.039,0.052,0.025,0.000,0.085,0.214,0.000,0.000,0.371,0.729,0.059,0.000,0.000,0.012,0.000,0.033,0.062,0.012,0.000,0.000,-0.029,0.000,0.000,0.250,0.000,0.000,0.000,0.101,0.057,0.124,0.000,0.000,0.000,0.000,0.000,0.000,0.000,0.000,0.000,0.000,0.138,0.000,0.138,0.000,0.134,0.000,0.000
356,0.105,0.000,-0.039,0.052,0.025,0.000,0.085,0.214,0.000,0.000,0.371,0.746,0.059,0.000,0.000,0.012,0.000,0.033,0.062,0.012,0.000,0.000,-0.029,0.000,0.000,0.250,0.000,0.000,0.000,0.101,0.057,0.124,0.000,0.000,0.000,0.000,0.000,0.000,0.000,0.000,0.000,0.000,0.139,0.000,0.139,0.000,0.135,0.000,0.000
357,0.104,0.000,-0.039,0.052,0.025,0.000,0.085,0.214,0.000,0.000,0.371,0.761,0.059,0.000,0.000,0.012,0.000,0.033,0.062,0.012,0.000,0.000,-0.029,0.000,0.000,0.250,0.000,0.000,0.000,0.101,0.057,0.124,0.000,0.000,0.000,0.000,0.000,0.000,0.000,0.000,0.000,0.000,0.139,0.000,0.139,0.000,0.135,0.000,0.000
358,0.103,0.000,-0.039,0.052,0.025,0.000,0.085,0.214,0.000,0.000,0.371,0.767,0.059,0.000,0.000,0.012,0.000,0.033,0.062,0.012,0.000,0.000,-0.029,0.000,0.000,0.250,0.000,0.000,0.000,0.101,0.057,0.124,0.000,0.000,0.000,0.000,0.000,0.000,0.000,0.000,0.000,0.000,0.139,0.000,0.139,0.000,0.135,0.000,0.000
359,0.102,0.000,-0.039,0.052,0.025,0.000,0.085,0.214,0.000,0.000,0.371,0.767,0.059,0.000,0.000,0.012,0.000,0.033,0.062,0.012,0.000,0.000,-0.029,0.000,0.000,0.250,0.000,0.000,0.000,0.101,0.057,0.124,0.000,0.000,0.000,0.000,0.000,0.000,0.000,0.000,0.000,0.000,0.139,0.000,0.139,0.000,0.135,0.000,0.000
360,0.100,0.000,-0.039,0.052,0.025,0.000,0.085,0.214,0.000,0.000,0.371,0.767,0.059,0.000,0.000,0.012,0.000,0.033,0.062,0.012,0.000,0.000,-0.029,0.000,0.000,0.250,0.000,0.000,0.000,0.101,0.057,0.124,0.000,0.000,0.000,0.000,0.000,0.000,0.000,0.000,0.000,0.000,0.139,0.000,0.139,0.000,0.135,0.000,0.000
361,0.099,0.000,-0.039,0.052,0.025,0.000,0.085,0.214,0.000,0.000,0.371,0.767,0.059,0.000,0.000,0.012,0.000,0.033,0.062,0.012,0.000,0.000,-0.029,0.000,0.000,0.250,0.000,0.000,0.000,0.101,0.057,0.124,0.000,0.000,0.000,0.000,0.000,0.000,0.000,0.000,0.000,0.000,0.139,0.000,0.139,0.000,0.135,0.000,0.000
362,0.099,0.000,-0.039,0.052,0.025,0.000,0.085,0.214,0.000,0.000,0.371,0.767,0.059,0.000,0.000,0.012,0.000,0.033,0.062,0.012,0.000,0.000,-0.029,0.000,0.000,0.250,0.000,0.000,0.000,0.101,0.057,0.124,0.000,0.000,0.000,0.000,0.000,0.000,0.000,0.000,0.000,0.000,0.139,0.000,0.139,0.000,0.135,0.000,0.000
363,0.098,0.000,-0.039,0.052,0.025,0.000,0.085,0.214,0.000,0.000,0.371,0.767,0.059,0.000,0.000,0.012,0.000,0.033,0.062,0.012,0.000,0.000,-0.029,0.000,0.000,0.246,0.000,0.000,0.000,0.101,0.057,0.124,0.000,0.000,0.000,0.000,0.000,0.000,0.000,0.000,0.000,0.000,0.139,0.000,0.139,0.000,0.135,0.000,0.000
364,0.097,0.000,-0.039,0.052,0.025,0.000,0.085,0.214,0.000,0.000,0.371,0.767,0.059,0.000,0.000,0.012,0.000,0.033,0.062,0.012,0.000,0.000,-0.029,0.000,0.000,0.234,0.000,0.000,0.000,0.101,0.057,0.124,0.000,0.000,0.000,0.000,0.000,0.000,0.000,0.000,0.000,0.000,0.139,0.000,0.139,0.000,0.135,0.000,0.000
365,0.096,0.000,-0.039,0.052,0.025,0.000,0.085,0.214,0.000,0.000,0.371,0.767,0.059,0.000,0.000,0.012,0.000,0.033,0.062,0.012,0.000,0.000,-0.029,0.000,0.000,0.217,0.000,0.000,0.000,0.101,0.057,0.124,0.000,0.000,0.000,0.000,0.000,0.000,0.000,0.000,0.000,0.000,0.139,0.000,0.139,0.000,0.135,0.000,0.000
366,0.095,0.000,-0.039,0.052,0.025,0.000,0.085,0.214,0.000,0.000,0.371,0.767,0.059,0.000,0.000,0.012,0.000,0.033,0.062,0.012,0.000,0.000,-0.029,0.000,0.000,0.196,0.000,0.000,0.000,0.101,0.057,0.124,0.000,0.000,0.000,0.000,0.000,0.000,0.000,0.000,0.000,0.000,0.139,0.000,0.139,0.000,0.135,0.000,0.000
367,0.095,0.000,-0.039,0.052,0.025,0.000,0.085,0.214,0.000,0.000,0.371,0.767,0.059,0.000,0.000,0.012,0.000,0.033,0.062,0.012,0.000,0.000,-0.029,0.000,0.000,0.174,0.000,0.000,0.000,0.101,0.057,0.124,0.000,0.000,0.000,0.000,0.000,0.000,0.000,0.000,0.000,0.000,0.139,0.000,0.139,0.000,0.135,0.000,0.000
368,0.094,0.000,-0.039,0.052,0.025,0.000,0.085,0.214,0.000,0.000,0.371,0.767,0.059,0.000,0.000,0.012,0.000,0.033,0.062,0.012,0.000,0.000,-0.029,0.000,0.000,0.151,0.000,0.000,0.000,0.101,0.057,0.124,0.000,0.000,0.000,0.000,0.000,0.000,0.000,0.000,0.000,0.000,0.139,0.000,0.139,0.000,0.135,0.000,0.000
369,0.093,0.000,-0.039,0.052,0.025,0.000,0.085,0.214,0.000,0.000,0.371,0.767,0.059,0.000,0.000,0.012,0.000,0.042,0.062,0.012,0.000,0.000,-0.029,0.000,0.000,0.131,0.000,0.000,0.000,0.101,0.057,0.124,0.000,0.000,0.000,0.000,0.000,0.000,0.000,0.000,0.000,0.000,0.139,0.000,0.139,0.000,0.135,0.000,0.000
370,0.093,0.000,-0.039,0.052,0.025,0.000,0.085,0.214,0.000,0.000,0.371,0.767,0.059,0.000,0.000,0.012,0.000,0.063,0.062,0.012,0.000,0.000,-0.029,0.000,0.000,0.114,0.000,0.000,0.000,0.101,0.057,0.124,0.000,0.000,0.000,0.000,0.000,0.000,0.000,0.000,0.000,0.000,0.139,0.000,0.139,0.000,0.135,0.000,0.000
371,0.092,0.000,-0.039,0.052,0.025,0.000,0.085,0.214,0.000,0.000,0.371,0.767,0.059,0.000,0.000,0.012,0.000,0.087,0.062,0.012,0.000,0.000,-0.029,0.000,0.000,0.102,0.000,0.000,0.000,0.101,0.057,0.124,0.000,0.000,0.000,0.000,0.000,0.000,0.000,0.000,0.000,0.000,0.139,0.000,0.139,0.000,0.135,-0.594,0.000
372,0.092,0.000,-0.039,0.052,0.025,0.000,0.085,0.109,0.000,0.000,0.371,0.679,0.030,0.000,0.000,0.012,0.000,0.102,0.062,0.012,0.000,0.000,-0.029,0.000,0.000,0.098,0.000,0.000,0.000,0.111,0.066,0.127,0.000,0.000,0.000,0.000,0.000,0.000,0.000,0.000,0.000,0.000,0.132,0.000,0.132,0.000,0.128,-1.000,0.000
373,0.091,0.000,-0.039,0.052,0.025,0.000,0.085,0.004,0.000,0.000,0.371,0.591,0.000,0.000,0.000,0.012,0.000,0.108,0.062,0.012,0.000,0.000,-0.029,0.000,0.000,0.082,0.000,0.000,0.000,0.122,0.075,0.135,0.000,0.000,0.000,0.000,0.000,0.000,0.000,0.000,0.000,0.000,0.119,0.000,0.119,0.000,0.115,-1.000,0.000
374,0.091,0.000,-0.039,0.052,0.025,0.000,0.085,0.076,0.000,0.000,0.371,0.612,0.015,0.000,0.000,0.012,0.000,0.113,0.062,0.012,0.000,0.000,-0.029,0.000,0.000,0.049,0.000,0.000,0.000,0.116,0.071,0.146,0.000,0.000,0.000,0.000,0.000,0.000,0.000,0.000,0.000,0.000,0.112,0.000,0.112,0.000,0.108,-0.827,0.000
375,0.091,0.000,-0.039,0.052,0.025,0.000,0.085,0.211,0.000,0.000,0.371,0.665,0.044,0.000,0.000,0.012,0.000,0.117,0.062,0.012,0.000,0.000,-0.029,0.000,0.000,0.015,0.000,0.000,0.000,0.107,0.062,0.157,0.000,0.000,0.000,0.000,0.000,0.000,0.000,0.000,0.000,0.000,0.112,0.000,0.112,0.000,0.108,-0.512,0.000
376,0.091,0.000,-0.039,0.052,0.025,0.000,0.085,0.284,0.000,0.000,0.371,0.733,0.059,0.000,0.000,0.012,0.000,0.120,0.062,0.012,0.000,0.000,-0.029,0.000,0.000,-0.001,0.000,0.000,0.000,0.101,0.057,0.165,0.000,0.000,0.000,0.000,0.000,0.000,0.000,0.000,0.000,0.000,0.112,0.000,0.112,0.000,0.108,-0.195,0.000
377,0.091,0.000,-0.039,0.052,0.025,0.000,0.085,0.268,0.000,0.000,0.371,0.802,0.059,0.000,0.000,0.012,0.000,0.121,0.062,0.012,0.000,0.000,-0.029,0.000,0.000,-0.001,0.000,0.000,0.000,0.101,0.057,0.168,0.000,0.000,0.000,0.000,0.000,0.000,0.000,0.000,0.000,0.000,0.112,0.000,0.112,0.000,0.108,0.000,0.000
378,0.090,0.000,-0.039,0.052,0.025,0.000,0.085,0.236,0.000,0.000,0.371,0.855,0.059,0.000,0.000,0.012,0.000,0.122,0.062,0.012,0.000,0.000,-0.029,0.000,0.000,-0.001,0.000,0.000,0.000,0.101,0.057,0.168,0.000,0.000,0.000,0.000,0.000,0.000,0.000,0.000,0.000,0.000,0.112,0.000,0.112,0.000,0.108,0.000,0.000
379,0.090,0.000,-0.039,0.052,0.025,0.000,0.085,0.214,0.000,0.000,0.371,0.876,0.059,0.000,0.000,0.012,0.000,0.123,0.062,0.012,0.000,0.000,-0.029,0.000,0.000,-0.001,0.000,0.000,0.000,0.101,0.057,0.168,0.000,0.000,0.000,0.000,0.000,0.000,0.000,0.000,0.000,0.000,0.112,0.000,0.112,0.000,0.108,0.000,0.000
380,0.091,0.000,-0.039,0.052,0.025,0.000,0.085,0.204,0.000,0.000,0.371,0.876,0.059,0.000,0.000,0.012,0.000,0.123,0.062,0.012,0.000,0.000,-0.029,0.000,0.000,-0.001,0.000,0.000,0.000,0.101,0.057,0.168,0.000,0.000,0.000,0.000,0.000,0.000,0.000,0.000,0.000,0.000,0.112,0.000,0.112,0.000,0.109,0.000,0.000
381,0.094,0.000,-0.039,0.052,0.025,0.000,0.083,0.195,0.000,0.000,0.370,0.876,0.059,0.000,0.000,0.012,0.000,0.123,0.061,0.012,0.000,0.000,-0.029,0.000,0.000,-0.001,0.000,0.000,0.000,0.101,0.057,0.168,0.000,0.000,0.000,0.000,0.000,0.000,0.000,0.000,0.000,0.000,0.112,0.000,0.112,0.000,0.109,0.000,0.000
382,0.099,0.000,-0.039,0.052,0.025,0.000,0.081,0.186,0.000,0.000,0.367,0.876,0.059,0.000,0.000,0.012,0.000,0.123,0.060,0.012,0.000,0.000,-0.029,0.000,0.000,-0.001,0.000,0.000,0.000,0.101,0.057,0.168,0.000,0.000,0.000,0.000,0.000,0.000,0.000,0.000,0.000,0.000,0.113,0.000,0.113,0.000,0.110,0.000,0.000
383,0.105,0.000,-0.039,0.052,0.025,0.000,0.078,0.177,0.000,0.000,0.361,0.876,0.059,0.000,0.000,0.012,0.000,0.123,0.059,0.012,0.000,0.000,-0.029,0.000,0.000,-0.001,0.000,0.000,0.000,0.101,0.057,0.168,0.000,0.000,0.000,0.000,0.000,0.000,0.000,0.000,0.000,0.000,0.114,0.000,0.114,0.000,0.111,0.000,0.000
384,0.112,0.000,-0.039,0.052,0.025,0.000,0.074,0.168,0.000,0.000,0.354,0.876,0.059,0.000,0.000,0.012,0.000,0.123,0.057,0.012,0.000,0.000,-0.029,0.000,0.000,-0.001,0.000,0.000,0.000,0.101,0.057,0.168,0.000,0.000,0.000,0.000,0.000,0.000,0.000,0.000,0.000,0.000,0.115,0.000,0.115,0.000,0.111,0.000,0.000
385,0.120,0.000,-0.039,0.052,0.025,0.000,0.070,0.159,0.000,0.000,0.346,0.876,0.059,0.000,0.000,0.012,0.000,0.123,0.054,0.012,0.000,0.000,-0.029,0.000,0.000,-0.001,0.000,0.000,0.000,0.101,0.057,0.168,0.000,0.000,0.000,0.000,0.000,0.000,0.000,0.000,0.000,0.000,0.116,0.000,0.116,0.000,0.112,0.000,0.000
386,0.130,0.000,-0.039,0.052,0.025,0.000,0.065,0.150,0.000,0.000,0.336,0.876,0.059,0.000,0.000,0.012,0.000,0.123,0.052,0.012,0.000,0.000,-0.029,0.000,0.000,-0.001,0.000,0.000,0.000,0.101,0.057,0.168,0.000,0.000,0.000,0.000,0.000,0.000,0.000,0.000,0.000,0.000,0.117,0.000,0.117,0.000,0.113,0.000,0.000
387,0.140,0.000,-0.039,0.052,0.025,0.000,0.060,0.142,0.000,0.000,0.325,0.876,0.059,0.000,0.000,0.012,0.000,0.123,0.048,0.012,0.000,0.000,-0.029,0.000,0.000,-0.001,0.000,0.000,0.000,0.101,0.057,0.168,0.000,0.000,0.000,0.000,0.000,0.000,0.000,0.000,0.000,0.000,0.118,0.000,0.118,0.000,0.114,0.000,0.000
388,0.152,0.000,-0.039,0.052,0.025,0.000,0.054,0.133,0.000,0.000,0.313,0.876,0.059,0.000,0.000,0.012,0.000,0.123,0.045,0.012,0.000,0.000,-0.029,0.000,0.000,-0.001,0.000,0.000,0.000,0.101,0.057,0.168,0.000,0.000,0.000,0.000,0.000,0.000,0.000,0.000,0.000,0.000,0.119,0.000,0.119,0.000,0.116,0.000,0.000
389,0.163,0.000,-0.039,0.052,0.025,0.000,0.048,0.125,0.000,0.000,0.301,0.876,0.059,0.000,0.000,0.012,0.000,0.123,0.042,0.012,0.000,0.000,-0.029,0.000,0.000,-0.001,0.000,0.000,0.000,0.101,0.057,0.168,0.000,0.000,0.000,0.000,0.000,0.000,0.000,0.000,0.000,0.000,0.120,0.000,0.120,0.000,0.117,0.000,0.000
390,0.176,0.000,-0.039,0.052,0.025,0.000,0.043,0.117,0.000,0.000,0.289,0.876,0.059,0.000,0.000,0.012,0.000,0.123,0.038,0.012,0.000,0.000,-0.029,0.000,0.000,-0.001,0.000,0.000,0.000,0.101,0.057,0.168,0.000,0.000,0.000,0.000,0.000,0.000,0.000,0.000,0.000,0.000,0.121,0.000,0.121,0.000,0.118,0.000,0.000
391,0.188,0.000,-0.039,0.052,0.025,0.000,0.037,0.109,0.000,0.000,0.276,0.876,0.059,0.000,0.000,0.012,0.000,0.123,0.034,0.012,0.000,0.000,-0.029,0.000,0.000,-0.001,0.000,0.000,0.000,0.101,0.057,0.168,0.000,0.000,0.000,0.000,0.000,0.000,0.000,0.000,0.000,0.000,0.123,0.000,0.123,0.000,0.119,0.000,0.000
392,0.201,0.000,-0.039,0.052,0.025,0.000,0.031,0.102,0.000,0.000,0.263,0.876,0.059,0.000,0.000,0.012,0.000,0.123,0.031,0.012,0.000,0.000,-0.029,0.000,0.000,-0.001,0.000,0.000,0.000,0.101,0.057,0.168,0.000,0.000,0.000,0.000,0.000,0.000,0.000,0.000,0.000,0.000,0.124,0.000,0.124,0.000,0.120,0.000,0.000
393,0.213,0.000,-0.039,0.052,0.025,0.000,0.026,0.095,0.000,0.000,0.251,0.876,0.059,0.000,0.000,0.012,0.000,0.123,0.027,0.012,0.000,0.000,-0.029,0.000,0.000,-0.001,0.000,0.000,0.000,0.101,0.057,0.168,0.000,0.000,0.000,0.000,0.000,0.000,0.000,0.000,0.000,0.000,0.125,0.000,0.125,0.000,0.121,0.000,0.000
394,0.226,0.000,-0.039,0.052,0.025,0.000,0.020,0.088,0.000,0.000,0.240,0.876,0.059,0.000,0.000,0.012,0.000,0.123,0.024,0.012,0.000,0.000,-0.029,0.000,0.000,-0.001,0.000,0.000,0.000,0.101,0.057,0.168,0.000,0.000,0.000,0.000,0.000,0.000,0.000,0.000,0.000,0.000,0.126,0.000,0.126,0.000,0.122,0.000,0.000
395,0.238,0.000,-0.039,0.052,0.025,0.000,0.016,0.082,0.000,0.000,0.229,0.876,0.056,0.000,0.000,0.012,0.000,0.123,0.021,0.012,0.000,0.000,-0.029,0.000,0.000,-0.001,0.000,0.000,0.000,0.096,0.054,0.168,0.000,0.000,0.000,0.000,0.000,0.000,0.000,0.000,0.000,0.000,0.127,0.000,0.127,0.000,0.123,0.000,0.000
396,0.249,0.000,-0.039,0.052,0.025,0.000,0.011,0.077,0.000,0.000,0.219,0.876,0.048,0.000,0.000,0.012,0.000,0.123,0.018,0.012,0.000,0.000,-0.029,0.000,0.000,-0.001,0.000,0.000,0.000,0.081,0.046,0.168,0.000,0.000,0.000,0.000,0.000,0.000,0.000,0.000,0.000,0.000,0.128,0.000,0.128,0.000,0.124,0.000,0.000
397,0.260,0.000,-0.039,0.052,0.025,0.000,0.007,0.071,0.000,0.000,0.210,0.876,0.036,0.000,0.000,0.012,0.000,0.123,0.015,0.012,0.000,0.000,-0.029,0.000,0.000,-0.001,0.000,0.000,0.000,0.061,0.035,0.168,0.000,0.000,0.000,0.000,0.000,0.000,0.000,0.000,0.000,0.000,0.129,0.000,0.129,0.000,0.125,0.000,0.000
398,0.271,0.000,-0.039,0.052,0.025,0.000,0.004,0.066,0.000,0.000,0.203,0.774,0.023,0.000,0.000,0.012,0.000,0.123,0.013,0.012,0.000,0.000,-0.029,0.000,0.000,-0.001,0.000,0.000,0.000,0.040,0.023,0.168,0.000,0.000,0.000,0.000,0.000,0.000,0.000,0.000,0.000,0.000,0.129,0.000,0.129,0.000,0.125,0.000,0.000
399,0.280,0.000,-0.039,0.052,0.025,0.000,0.002,0.062,0.000,0.000,0.198,0.548,0.012,0.000,0.000,0.012,0.000,0.123,0.012,0.012,0.000,0.000,-0.029,0.000,0.000,-0.001,0.000,0.000,0.000,0.020,0.011,0.168,0.000,0.000,0.000,0.000,0.000,0.000,0.000,0.000,0.000,0.000,0.130,0.000,0.130,0.000,0.126,0.000,0.000
400,0.288,0.000,-0.039,0.052,0.025,0.000,0.001,0.059,0.000,0.000,0.195,0.323,0.003,0.000,0.000,0.012,0.000,0.123,0.011,0.012,0.000,0.000,-0.029,0.000,0.000,-0.001,0.000,0.000,0.000,0.006,0.003,0.168,0.000,0.000,0.000,0.000,0.000,0.000,0.000,0.000,0.000,0.000,0.130,0.000,0.130,0.000,0.126,0.000,0.000
401,0.295,0.000,-0.039,0.052,0.025,0.000,0.000,0.055,0.000,0.000,0.193,0.220,0.000,0.000,0.000,0.012,0.000,0.123,0.010,0.012,0.000,0.000,-0.029,0.000,0.000,-0.001,0.000,0.000,0.000,0.000,0.000,0.168,0.000,0.000,0.000,0.000,0.000,0.000,0.000,0.000,0.000,0.000,0.130,0.000,0.130,0.000,0.126,0.000,0.000
402,0.298,0.000,-0.039,0.055,0.025,0.000,0.002,0.054,0.000,0.006,0.193,0.222,0.005,0.000,0.000,0.012,0.000,0.123,0.017,0.012,0.000,0.000,-0.029,0.000,0.000,0.024,0.000,0.000,0.000,0.051,0.029,0.144,0.000,0.000,0.000,0.000,0.000,0.000,0.000,0.000,0.000,0.000,0.101,0.000,0.101,0.000,0.098,0.000,0.000
403,0.299,0.000,-0.039,0.065,0.025,0.000,0.008,0.054,0.000,0.022,0.193,0.238,0.017,0.000,0.000,0.012,0.000,0.123,0.033,0.012,0.000,0.000,-0.029,0.000,0.000,0.049,0.000,0.000,0.000,0.101,0.057,0.098,0.000,0.000,0.000,0.000,0.000,0.000,0.000,0.000,0.000,0.000,0.047,0.000,0.047,0.000,0.046,0.000,0.000
404,0.301,0.000,-0.039,0.078,0.025,0.000,0.016,0.054,0.000,0.046,0.193,0.280,0.034,0.000,0.000,0.012,0.000,0.123,0.048,0.012,0.000,0.000,-0.029,0.000,0.000,0.073,0.000,0.000,0.000,0.101,0.057,0.074,0.000,0.000,0.000,0.000,0.000,0.000,0.000,0.000,0.000,0.000,0.019,0.000,0.019,0.000,0.018,0.000,0.000
405,0.303,0.000,-0.039,0.093,0.025,0.000,0.027,0.054,0.000,0.073,0.193,0.373,0.052,0.000,0.000,0.012,0.000,0.123,0.060,0.012,0.000,0.000,-0.029,0.000,0.000,0.098,0.000,0.000,0.000,0.101,0.057,0.074,0.000,0.000,0.000,0.000,0.000,0.000,0.000,0.000,0.000,0.000,0.027,0.000,0.027,0.000,0.026,0.000,0.000
406,0.306,0.000,-0.106,0.106,0.025,0.000,0.038,0.054,0.000,0.103,0.205,0.506,0.069,0.000,0.000,0.012,0.000,0.123,0.060,0.012,0.000,0.000,-0.029,0.000,0.000,0.099,0.000,0.000,0.000,0.101,0.057,0.074,0.000,0.000,0.000,0.000,0.000,0.000,0.000,0.000,0.000,0.000,0.049,0.000,0.049,0.000,0.047,0.000,0.000
407,0.308,0.000,-0.173,0.116,0.025,0.000,0.051,0.054,0.000,0.130,0.235,0.642,0.082,0.000,0.000,0.012,0.000,0.123,0.060,0.012,0.000,0.000,-0.029,0.000,0.000,0.100,0.000,0.000,0.000,0.101,0.057,0.074,0.000,0.000,0.000,0.000,0.000,0.000,0.000,0.000,0.000,0.000,0.081,0.000,0.081,0.000,0.078,0.000,0.000
408,0.311,0.000,-0.173,0.119,0.025,0.000,0.064,0.054,0.000,0.154,0.277,0.743,0.087,0.000,0.000,0.012,0.000,0.123,0.060,0.012,0.000,0.000,-0.029,0.000,0.000,0.101,0.000,0.000,0.000,0.101,0.057,0.074,0.000,0.000,0.000,0.000,0.000,0.000,0.000,0.000,0.000,0.000,0.119,0.000,0.119,0.000,0.115,0.000,0.000
409,0.313,0.000,-0.173,0.118,0.025,0.000,0.076,0.054,0.000,0.170,0.325,0.805,0.084,0.000,0.000,0.012,0.000,0.123,0.060,0.012,0.000,0.000,-0.029,0.000,0.000,0.102,0.000,0.000,0.000,0.101,0.057,0.074,0.000,0.000,0.000,0.000,0.000,0.000,0.000,0.000,0.000,0.000,0.158,0.000,0.158,0.000,0.154,0.000,0.000
410,0.315,0.000,-0.173,0.113,0.025,0.000,0.086,0.054,0.000,0.176,0.374,0.852,0.077,0.000,0.000,0.012,0.000,0.123,0.060,0.012,0.000,0.000,-0.029,0.000,0.000,0.104,0.000,0.000,0.000,0.101,0.057,0.074,0.000,0.000,0.000,0.000,0.000,0.000,0.000,0.000,0.000,0.000,0.196,0.000,0.196,0.000,0.191,0.000,0.000
411,0.317,0.000,-0.173,0.105,0.025,0.000,0.095,0.054,0.000,0.176,0.416,0.885,0.069,0.000,0.000,0.012,0.000,0.123,0.060,0.012,0.000,0.000,-0.029,0.000,0.000,0.105,0.000,0.000,0.000,0.101,0.057,0.074,0.000,0.000,0.000,0.000,0.000,0.000,0.000,0.000,0.000,0.000,0.228,0.000,0.228,0.000,0.222,0.000,0.000
412,0.319,0.000,-0.173,0.096,0.025,0.000,0.100,0.054,0.000,0.176,0.446,0.904,0.062,0.000,0.000,0.012,0.000,0.123,0.060,0.012,0.000,0.000,-0.029,0.000,0.000,0.106,0.000,0.000,0.000,0.101,0.057,0.074,0.000,0.000,0.000,0.000,0.000,0.000,0.000,0.000,0.000,0.000,0.250,0.000,0.250,0.000,0.243,0.000,0.000
413,0.320,0.000,-0.173,0.085,0.025,0.000,0.102,0.054,0.000,0.176,0.457,0.911,0.059,0.000,0.000,0.012,0.000,0.123,0.060,0.012,0.000,0.000,-0.029,0.000,0.000,0.107,0.000,0.000,0.000,0.101,0.057,0.074,0.000,0.000,0.000,0.000,0.000,0.000,0.000,0.000,0.000,0.000,0.259,0.000,0.259,0.000,0.251,0.000,0.000
414,0.321,0.000,-0.173,0.073,0.025,0.000,0.102,0.054,0.000,0.176,0.457,0.910,0.063,0.000,0.000,0.012,0.000,0.121,0.060,0.012,0.000,0.000,-0.023,0.000,0.000,0.108,0.000,0.000,0.000,0.101,0.057,0.078,0.000,0.000,0.000,0.000,0.000,0.000,0.000,0.000,0.000,0.000,0.257,0.000,0.257,0.000,0.250,0.000,0.000
415,0.321,0.000,-0.173,0.060,0.025,0.000,0.102,0.055,0.000,0.176,0.457,0.908,0.074,0.000,0.000,0.012,0.000,0.117,0.060,0.012,0.000,0.000,-0.007,0.000,0.000,0.109,0.000,0.000,0.000,0.101,0.057,0.087,0.000,0.000,0.000,0.000,0.000,0.000,0.000,0.000,0.000,0.000,0.254,0.000,0.254,0.000,0.247,0.000,0.000
416,0.321,0.000,-0.173,0.048,0.025,0.000,0.102,0.056,0.000,0.176,0.457,0.905,0.088,0.000,0.000,0.012,0.000,0.110,0.060,0.012,0.000,0.000,0.019,0.000,0.000,0.110,0.000,0.000,0.000,0.101,0.057,0.101,0.000,0.000,0.000,0.000,0.000,0.000,0.000,0.000,0.000,0.000,0.249,0.000,0.249,0.000,0.242,0.000,0.000
417,0.321,0.000,-0.173,0.036,0.025,0.000,0.102,0.058,0.000,0.176,0.457,0.901,0.104,0.000,0.000,0.012,0.000,0.101,0.060,0.012,0.000,0.000,0.053,0.000,0.000,0.112,0.000,0.000,0.000,0.101,0.057,0.115,0.000,0.000,0.000,0.000,0.000,0.000,0.000,0.000,0.000,0.000,0.243,0.000,0.243,0.000,0.236,0.000,0.000
418,0.320,0.000,-0.173,0.025,0.025,0.000,0.102,0.060,0.000,0.176,0.457,0.897,0.119,0.000,0.000,0.012,0.000,0.091,0.060,0.012,0.000,0.000,0.092,0.000,0.000,0.113,0.000,0.000,0.000,0.101,0.057,0.129,0.000,0.000,0.000,0.000,0.000,0.000,0.000,0.000,0.000,0.000,0.235,0.000,0.235,0.000,0.229,0.000,0.000
419,0.320,0.000,-0.173,0.015,0.025,0.000,0.102,0.063,0.000,0.176,0.457,0.891,0.130,0.000,0.000,0.012,0.000,0.080,0.060,0.012,0.000,0.000,0.136,0.000,0.000,0.114,0.000,0.000,0.000,0.101,0.057,0.138,0.000,0.000,0.000,0.000,0.000,0.000,0.000,0.000,0.000,0.000,0.227,0.000,0.227,0.000,0.220,0.000,0.000
420,0.319,0.000,-0.173,0.008,0.025,0.000,0.102,0.065,0.000,0.176,0.457,0.884,0.134,0.000,0.000,0.012,0.000,0.068,0.060,0.012,0.000,0.000,0.182,0.000,0.000,0.115,0.000,0.000,0.000,0.101,0.057,0.142,0.000,0.000,0.000,0.000,0.000,0.000,0.000,0.000,0.000,0.000,0.218,0.000,0.218,0.000,0.212,0.000,0.000
421,0.318,0.000,-0.173,0.003,0.025,0.000,0.102,0.067,0.000,0.176,0.457,0.877,0.134,0.000,0.000,0.012,0.000,0.055,0.060,0.012,0.000,0.000,0.229,0.000,0.000,0.116,0.000,0.000,0.000,0.101,0.057,0.142,0.000,0.000,0.000,0.000,0.000,0.000,0.000,0.000,0.000,0.000,0.209,0.000,0.209,0.000,0.203,0.000,0.000
422,0.317,0.000,-0.173,0.001,0.025,0.000,0.102,0.069,0.000,0.176,0.457,0.869,0.134,0.000,0.000,0.012,0.000,0.043,0.060,0.012,0.000,0.000,0.275,0.000,0.000,0.117,0.000,0.000,0.000,0.101,0.057,0.142,0.000,0.000,0.000,0.000,0.000,0.000,0.000,0.000,0.000,0.000,0.200,0.000,0.200,0.000,0.194,0.000,0.000
423,0.316,0.000,-0.173,0.001,0.025,0.000,0.102,0.071,0.000,0.176,0.457,0.860,0.134,0.000,0.000,0.012,0.000,0.032,0.060,0.012,0.000,0.000,0.318,0.000,0.000,0.117,0.000,0.000,0.000,0.101,0.057,0.142,0.000,0.000,0.000,0.000,0.000,0.000,0.000,0.000,0.000,0.000,0.191,0.000,0.191,0.000,0.186,0.000,0.000
424,0.315,0.000,-0.173,0.001,0.025,0.000,0.102,0.073,0.000,0.176,0.457,0.851,0.134,0.000,0.000,0.012,0.000,0.022,0.060,0.012,0.000,0.000,0.358,0.000,0.000,0.118,0.000,0.000,0.000,0.101,0.057,0.142,0.000,0.000,0.000,0.000,0.000,0.000,0.000,0.000,0.000,0.000,0.184,0.000,0.184,0.000,0.179,0.000,0.000
425,0.314,0.000,-0.173,0.001,0.025,0.000,0.102,0.076,0.000,0.176,0.457,0.842,0.134,0.000,0.000,0.012,0.000,0.013,0.060,0.012,0.000,0.000,0.391,0.000,0.000,0.119,0.000,0.000,0.000,0.101,0.057,0.142,0.000,0.000,0.000,0.000,0.000,0.000,0.000,0.000,0.000,0.000,0.177,0.000,0.177,0.000,0.172,0.000,0.000
426,0.313,0.000,-0.173,0.001,0.025,0.000,0.102,0.078,0.000,0.176,0.457,0.832,0.134,0.000,0.000,0.012,0.000,0.006,0.060,0.012,0.000,0.000,0.417,0.000,0.000,0.120,0.000,0.000,0.000,0.101,0.057,0.142,0.000,0.000,0.000,0.000,0.000,0.000,0.000,0.000,0.000,0.000,0.172,0.000,0.172,0.000,0.167,0.000,0.000
427,0.312,0.000,-0.173,0.001,0.025,0.000,0.102,0.081,0.000,0.176,0.457,0.822,0.134,0.000,0.000,0.012,0.000,0.002,0.060,0.012,0.000,0.000,0.434,0.000,0.000,0.121,0.000,0.000,0.000,0.101,0.057,0.142,0.000,0.000,0.000,0.000,0.000,0.000,0.000,0.000,0.000,0.000,0.169,0.000,0.169,0.000,0.164,0.000,0.000
428,0.312,0.000,-0.173,0.001,0.025,0.000,0.102,0.083,0.000,0.176,0.457,0.812,0.134,0.000,0.000,0.012,0.000,0.000,0.060,0.012,0.000,0.000,0.440,0.000,0.000,0.122,0.000,0.000,0.000,0.101,0.057,0.142,0.000,0.000,0.000,0.000,0.000,0.000,0.000,0.000,0.000,0.000,0.168,0.000,0.168,0.000,0.163,0.000,0.000
429,0.311,0.000,-0.173,0.001,0.025,0.000,0.102,0.085,0.000,0.176,0.457,0.802,0.134,0.000,0.000,0.012,0.000,0.000,0.060,0.012,0.000,0.000,0.440,0.000,0.000,0.123,0.000,0.000,0.000,0.101,0.057,0.142,0.000,0.000,0.000,0.000,0.000,0.000,0.000,0.000,0.000,0.000,0.168,0.000,0.168,0.000,0.163,0.000,0.000
430,0.310,0.000,-0.173,0.001,0.025,0.000,0.102,0.087,0.000,0.176,0.457,0.791,0.134,0.000,0.000,0.012,0.000,0.000,0.060,0.012,0.000,0.000,0.440,0.000,0.000,0.124,0.000,0.000,0.000,0.101,0.057,0.142,0.000,0.000,0.000,0.000,0.000,0.000,0.000,0.000,0.000,0.000,0.168,0.000,0.168,0.000,0.163,0.000,0.000
431,0.310,0.000,-0.173,0.001,0.025,0.000,0.076,0.088,0.000,0.176,0.457,0.781,0.134,0.000,0.000,0.012,0.000,0.000,0.059,0.012,0.000,0.000,0.440,0.000,0.000,0.124,0.000,0.000,0.000,0.101,0.057,0.142,0.000,0.000,0.000,0.000,0.000,0.000,0.000,0.000,0.000,0.000,0.167,0.000,0.167,0.000,0.163,0.000,0.000
432,0.310,0.000,-0.173,0.001,0.025,0.000,0.027,0.089,0.000,0.176,0.457,0.771,0.134,0.000,0.000,0.010,0.000,0.000,0.058,0.010,0.000,0.000,0.440,0.000,0.000,0.125,0.000,0.000,0.000,0.101,0.057,0.142,0.000,0.000,0.000,0.000,0.000,0.000,0.000,0.000,0.000,0.000,0.167,0.000,0.167,0.000,0.162,0.000,0.000
433,0.309,0.000,-0.173,0.001,0.025,0.000,0.000,0.090,0.000,0.176,0.457,0.761,0.134,0.000,0.000,0.007,0.000,0.000,0.056,0.007,0.000,0.000,0.440,0.000,0.000,0.126,0.000,0.000,0.000,0.101,0.057,0.142,0.000,0.000,0.000,0.000,0.000,0.000,0.000,0.000,0.000,0.000,0.165,0.000,0.165,0.000,0.161,0.000,0.000
434,0.309,0.000,-0.148,0.001,0.018,0.000,0.000,0.090,0.000,0.176,0.386,0.751,0.126,0.000,0.000,0.005,0.000,0.000,0.046,0.005,0.000,0.000,0.440,0.000,0.066,0.126,0.000,0.000,0.000,0.096,0.054,0.140,0.000,0.000,0.000,0.000,0.000,0.000,0.000,0.000,0.000,0.000,0.164,0.000,0.164,0.000,0.159,0.000,0.000
435,0.309,0.000,-0.085,0.001,-0.001,0.000,0.000,0.090,0.000,0.176,0.229,0.741,0.107,0.000,0.000,0.002,0.000,0.000,0.027,0.002,0.000,0.000,0.438,0.000,0.210,0.127,0.000,0.000,0.000,0.081,0.046,0.133,0.000,0.000,0.000,0.000,0.000,0.000,0.000,0.000,0.000,0.000,0.162,0.000,0.162,0.000,0.158,0.000,0.000
436,0.309,0.000,0.002,0.001,-0.025,0.000,0.000,0.090,0.000,0.176,0.071,0.732,0.081,0.000,0.000,0.001,0.000,0.000,0.008,0.001,0.000,0.000,0.432,0.000,0.354,0.127,0.000,0.000,0.000,0.061,0.035,0.123,0.000,0.000,0.000,0.000,0.000,0.000,0.000,0.000,0.000,0.000,0.161,0.000,0.161,0.000,0.157,0.000,0.000
437,0.308,0.000,0.096,0.001,-0.049,0.000,0.000,0.090,0.000,0.176,0.000,0.724,0.053,0.000,0.000,0.000,0.000,0.000,0.000,0.000,0.000,0.000,0.420,0.000,0.420,0.128,0.000,0.000,0.000,0.040,0.023,0.110,0.000,0.000,0.000,0.000,0.000,0.000,0.000,0.000,0.000,0.000,0.160,0.000,0.160,0.000,0.156,0.000,0.000
438,0.308,0.000,0.183,0.001,-0.067,0.000,0.000,0.090,0.000,0.176,0.000,0.716,0.027,0.000,0.000,0.000,0.000,0.000,0.000,0.000,0.000,0.000,0.304,0.000,0.419,0.128,0.000,0.000,0.000,0.020,0.011,0.096,0.000,0.000,0.000,0.000,0.000,0.000,0.025,0.000,0.000,0.000,0.144,0.000,0.144,0.000,0.140,0.000,0.000
439,0.308,0.000,0.246,0.001,-0.075,0.000,0.000,0.090,0.000,0.176,0.000,0.709,0.007,0.000,0.000,0.000,0.000,0.000,0.000,0.000,0.000,0.000,0.106,0.000,0.409,0.128,0.000,0.000,0.000,0.006,0.003,0.080,0.000,0.000,0.000,0.000,0.000,0.000,0.080,0.000,0.000,0.000,0.116,0.000,0.116,0.000,0.113,0.000,0.000
440,0.308,0.000,0.270,0.001,-0.069,0.000,0.000,0.088,0.000,0.176,0.000,0.702,0.000,0.000,0.000,0.000,0.000,0.000,0.000,0.000,0.000,0.000,0.000,0.000,0.382,0.126,0.000,0.000,0.000,0.000,0.000,0.063,0.000,0.000,0.000,0.000,0.000,0.000,0.134,0.000,0.000,0.000,0.101,0.000,0.101,0.000,0.098,0.000,0.000
441,0.307,0.000,0.270,0.001,-0.055,0.000,0.000,0.083,0.000,0.176,0.032,0.696,0.000,0.000,0.000,0.000,0.000,0.000,0.004,0.000,0.000,0.000,0.066,0.000,0.328,0.122,0.000,0.000,0.000,0.000,0.000,0.048,0.000,0.000,0.000,0.000,0.000,0.000,0.181,0.000,0.000,0.000,0.103,0.000,0.103,0.000,0.100,0.000,0.000
442,0.307,0.000,0.270,0.001,-0.035,0.000,0.000,0.075,0.000,0.176,0.113,0.691,0.000,0.000,0.000,0.000,0.000,0.000,0.013,0.000,0.000,0.000,0.189,0.000,0.249,0.116,0.000,0.000,0.000,0.000,0.000,0.033,0.000,0.000,0.000,0.000,0.000,0.000,0.235,0.000,0.000,0.000,0.109,0.000,0.109,0.000,0.106,0.000,0.000
443,0.306,0.000,0.270,0.001,-0.014,0.000,0.000,0.068,0.000,0.176,0.217,0.688,0.000,0.000,0.000,0.000,0.000,0.000,0.025,0.000,0.000,0.000,0.255,0.000,0.163,0.110,0.000,0.000,0.000,0.000,0.000,0.020,0.000,0.000,0.000,0.000,0.000,0.000,0.289,0.000,0.000,0.000,0.115,0.000,0.115,0.000,0.111,0.000,0.000
444,0.306,0.000,0.270,0.001,0.005,0.000,0.000,0.061,0.000,0.176,0.322,0.685,0.000,0.000,0.000,0.000,0.000,0.000,0.037,0.000,0.000,0.000,0.255,0.000,0.082,0.104,0.000,0.000,0.000,0.000,0.000,0.010,0.000,0.000,0.000,0.000,0.000,0.000,0.335,0.000,0.000,0.000,0.117,0.000,0.117,0.000,0.114,0.000,0.000
445,0.305,0.000,0.270,0.001,0.020,0.000,0.000,0.056,0.000,0.176,0.403,0.683,0.000,0.000,0.000,0.000,0.000,0.000,0.046,0.000,0.000,0.000,0.255,0.000,0.023,0.099,0.000,0.000,0.000,0.000,0.000,0.003,0.000,0.000,0.000,0.000,0.000,0.000,0.368,0.000,0.000,0.000,0.099,0.000,0.099,0.000,0.096,0.000,0.000
446,0.304,0.000,0.270,0.001,0.025,0.000,0.000,0.054,0.000,0.176,0.435,0.682,0.000,0.000,0.000,0.000,0.000,0.000,0.050,0.000,0.000,0.000,0.255,0.000,0.000,0.098,0.000,0.000,0.000,0.000,0.000,0.001,0.000,0.000,0.000,0.000,0.000,0.000,0.380,0.000,0.000,0.000,0.059,0.000,0.059,0.000,0.057,0.000,0.000
447,0.303,0.000,0.270,-0.011,0.025,0.000,0.000,0.098,0.000,0.176,0.462,0.721,0.000,0.000,0.000,0.000,0.000,0.016,0.077,0.000,0.000,0.000,0.189,0.000,0.000,0.098,0.000,0.000,0.000,0.000,0.000,0.003,0.000,0.000,0.000,0.000,0.000,0.000,0.380,0.000,0.000,0.000,0.095,0.000,0.095,0.000,0.092,0.000,0.000
448,0.302,0.000,0.270,-0.041,0.025,0.000,0.000,0.180,0.000,0.176,0.512,0.793,0.000,0.000,0.000,0.000,0.000,0.047,0.127,0.000,0.000,0.000,0.066,0.000,0.000,0.098,0.000,0.000,0.000,0.000,0.000,0.010,0.000,0.000,0.000,0.000,0.000,0.000,0.380,0.000,0.000,0.000,0.219,0.000,0.219,0.000,0.213,0.000,0.000
449,0.300,0.000,0.269,-0.077,0.025,0.000,0.000,0.224,0.000,0.176,0.539,0.833,0.000,0.000,0.000,0.008,0.000,0.063,0.157,0.000,0.000,0.000,0.000,0.000,0.000,0.098,0.000,0.000,0.000,0.000,0.000,0.020,0.000,0.000,0.000,0.000,0.000,0.000,0.380,0.000,0.000,0.000,0.299,0.000,0.299,0.000,0.291,0.000,0.000
450,0.299,0.000,0.269,-0.107,0.025,0.000,0.000,0.206,0.000,0.176,0.539,0.815,0.000,0.000,0.000,0.164,0.000,0.063,0.173,0.000,0.000,0.000,0.018,0.089,0.000,0.098,0.000,0.000,0.000,0.000,0.000,0.033,0.000,0.000,0.000,0.000,0.000,0.000,0.380,0.000,0.000,0.000,0.320,0.000,0.320,0.000,0.311,0.000,0.000
451,0.295,0.000,0.269,-0.120,0.025,0.000,0.000,0.164,0.000,0.176,0.523,0.693,0.000,0.000,0.000,0.275,0.000,0.053,0.212,0.005,0.000,0.000,0.018,0.089,0.000,0.098,0.000,0.000,0.000,0.000,0.000,0.047,0.000,0.000,0.000,0.000,0.000,0.000,0.380,0.000,0.000,0.000,0.334,0.000,0.334,0.000,0.325,0.000,0.000
452,0.288,0.000,0.269,-0.093,0.025,0.000,0.000,0.113,0.000,0.176,0.487,0.507,0.000,0.000,0.000,0.368,0.000,0.032,0.278,0.045,0.000,0.000,0.009,0.045,0.019,0.098,0.000,0.000,0.000,0.000,0.000,0.063,0.000,0.000,0.000,0.000,0.000,0.000,0.414,0.016,0.000,0.000,0.329,0.000,0.329,0.000,0.320,0.000,0.000
453,0.279,0.000,0.268,-0.030,0.025,0.000,0.000,0.071,0.000,0.176,0.451,0.403,0.000,0.000,0.000,0.421,0.000,0.010,0.320,0.106,0.000,0.000,0.000,0.000,0.063,0.098,0.000,0.000,0.000,0.000,0.000,0.079,0.000,0.000,0.000,0.000,0.000,0.000,0.496,0.053,0.000,0.000,0.299,0.000,0.299,0.000,0.291,0.000,0.000
454,0.267,0.000,0.268,0.046,0.025,0.000,0.000,0.054,0.000,0.176,0.435,0.458,0.000,0.000,0.000,0.419,0.000,0.000,0.302,0.126,0.000,0.000,0.000,0.000,0.117,0.098,0.000,0.000,0.000,0.000,0.000,0.095,0.000,0.000,0.000,0.000,0.000,0.000,0.594,0.097,0.000,0.000,0.246,0.000,0.246,0.000,0.239,0.000,0.000
455,0.254,0.000,0.268,0.109,0.025,0.000,0.000,0.054,0.000,0.176,0.435,0.595,0.000,0.000,0.000,0.334,0.000,0.000,0.244,0.114,0.000,0.000,0.000,0.000,0.161,0.098,0.000,0.000,0.000,0.000,0.000,0.109,0.000,0.000,0.000,0.000,0.000,0.000,0.676,0.134,0.000,0.000,0.192,0.000,0.192,0.000,0.187,0.000,0.000
456,0.241,0.000,0.268,0.136,0.025,0.000,0.000,0.054,0.000,0.176,0.435,0.736,0.000,0.000,0.000,0.244,0.000,0.000,0.191,0.102,0.000,0.000,0.000,0.000,0.180,0.098,0.000,0.000,0.000,0.000,0.000,0.122,0.000,0.000,0.000,0.000,0.000,0.000,0.710,0.150,0.000,0.000,0.143,0.000,0.143,0.000,0.139,0.000,0.000
457,0.227,0.000,0.268,0.136,0.025,0.000,0.000,0.054,0.000,0.176,0.435,0.817,0.000,0.000,0.000,0.180,0.000,0.000,0.156,0.086,0.000,0.000,0.000,0.000,0.133,0.098,0.000,0.000,0.000,0.000,0.000,0.134,0.000,0.000,0.000,0.000,0.000,0.000,0.710,0.075,0.000,0.000,0.109,0.000,0.109,0.000,0.106,0.000,0.000
458,0.214,0.000,0.267,0.136,0.025,0.000,0.000,-0.021,0.000,0.176,0.435,0.816,0.000,0.000,0.000,0.132,0.000,0.000,0.128,0.068,0.000,0.000,0.000,0.000,0.046,0.098,0.000,0.000,0.000,0.000,0.000,0.147,0.000,0.000,0.000,0.000,0.000,0.000,0.710,0.000,0.000,0.000,0.084,0.000,0.084,0.000,0.082,-0.707,0.000
459,0.202,0.000,0.267,0.136,0.025,0.000,0.000,-0.096,0.000,0.176,0.435,0.769,0.000,0.000,0.000,0.103,0.000,0.000,0.109,0.051,0.000,0.000,0.000,0.000,-0.001,0.098,0.000,0.000,0.000,0.000,0.000,0.161,0.000,0.000,0.000,0.000,0.000,0.000,0.710,0.000,0.000,0.000,0.070,0.000,0.070,0.000,0.067,-1.000,0.000
460,0.189,0.000,0.267,0.136,0.025,0.000,0.000,-0.070,0.000,0.176,0.435,0.697,0.000,0.000,0.000,0.097,0.000,0.000,0.098,0.032,0.000,0.000,0.000,0.000,-0.001,0.098,0.000,0.000,0.000,0.000,0.000,0.174,0.000,0.000,0.000,0.000,0.000,0.000,0.710,0.000,0.000,0.000,0.067,0.000,0.067,0.000,0.065,-1.000,0.000
461,0.174,0.000,0.267,0.136,0.025,0.000,0.000,-0.011,0.000,0.176,0.435,0.624,0.000,0.000,0.000,0.111,0.000,0.000,0.095,0.012,0.000,0.000,0.000,0.000,-0.001,0.098,0.000,0.000,0.000,0.000,0.000,0.187,0.000,0.000,0.000,0.000,0.000,0.000,0.710,0.000,0.000,0.000,0.074,0.000,0.074,0.000,0.072,-0.630,0.000
462,0.162,0.000,0.267,0.136,0.025,0.000,0.000,0.047,0.000,0.176,0.435,0.541,0.000,0.000,0.000,0.135,0.000,0.000,0.115,0.003,0.000,0.000,0.000,0.000,-0.001,0.098,0.000,0.000,0.000,0.000,0.000,0.200,0.000,0.000,0.000,0.000,0.000,0.000,0.710,0.000,0.000,0.000,0.114,0.000,0.114,0.000,0.110,-0.341,0.000
463,0.157,0.000,0.267,0.136,0.025,0.000,0.000,0.074,0.000,0.176,0.447,0.454,0.000,0.000,0.000,0.150,0.000,0.007,0.156,0.004,0.000,0.000,0.000,0.000,-0.001,0.098,0.000,0.000,0.000,0.000,0.000,0.210,0.000,0.000,0.000,0.000,0.000,0.000,0.710,0.000,0.000,0.000,0.205,0.000,0.205,0.000,0.199,-0.100,0.000
464,0.157,0.000,0.267,0.136,0.025,0.000,0.000,0.058,0.000,0.176,0.474,0.385,0.000,0.000,0.000,0.142,0.000,0.023,0.187,0.004,0.000,0.000,0.000,0.000,-0.001,0.098,0.000,0.000,0.000,0.000,0.000,0.218,0.000,0.000,0.000,0.000,0.000,0.000,0.710,0.024,0.000,0.000,0.301,0.000,0.301,0.000,0.293,0.000,0.000
465,0.157,0.000,0.267,0.136,0.025,0.000,0.000,0.029,0.000,0.176,0.500,0.342,0.000,0.000,0.000,0.119,0.000,0.040,0.199,0.003,0.000,0.000,0.000,0.000,-0.001,0.098,0.000,0.000,0.000,0.000,0.000,0.223,0.000,0.000,0.000,0.000,0.000,0.000,0.710,0.080,0.000,0.000,0.364,0.000,0.364,0.000,0.354,0.000,0.000
466,0.157,0.000,0.267,0.136,0.025,0.000,0.000,0.014,0.000,0.176,0.512,0.309,0.000,0.000,0.000,0.089,0.000,0.047,0.194,0.001,0.000,0.000,0.000,0.000,0.040,0.098,0.000,0.000,0.000,0.000,0.000,0.225,0.000,0.000,0.000,0.000,0.000,0.000,0.710,0.148,0.000,0.000,0.382,0.000,0.382,0.000,0.371,-0.011,0.000
467,0.157,0.000,0.267,0.136,0.025,0.000,0.000,0.014,0.000,0.176,0.491,0.254,0.000,0.000,0.000,0.169,0.000,0.034,0.156,0.001,0.000,0.000,0.018,0.087,0.131,0.098,0.000,0.000,0.000,0.000,0.000,0.225,0.000,0.000,0.000,0.000,0.000,0.000,0.710,0.204,0.000,0.000,0.306,0.000,0.306,0.000,0.298,-0.035,0.052
468,0.157,0.000,0.267,0.136,0.025,0.000,0.000,0.042,0.000,0.176,0.463,0.200,0.000,0.000,0.000,0.351,0.000,0.017,0.115,0.000,0.000,0.000,0.051,0.249,0.223,0.098,0.000,0.000,0.000,0.000,0.000,0.225,0.000,0.000,0.000,0.000,0.000,0.000,0.710,0.228,0.036,0.000,0.213,0.000,0.213,0.000,0.207,-0.059,0.104
469,0.157,0.000,0.267,0.136,0.025,0.000,0.000,0.070,0.000,0.176,0.632,0.172,0.000,0.000,0.000,0.447,0.000,0.008,0.129,0.000,0.000,0.000,0.069,0.336,0.264,0.098,0.000,0.000,0.000,0.000,0.000,0.225,0.000,0.000,0.000,0.000,0.000,0.000,0.710,0.228,0.114,0.000,0.258,0.000,0.258,0.000,0.251,-0.070,0.077
470,0.157,0.000,0.267,0.136,0.025,0.000,0.000,0.065,0.000,0.176,1.000,0.160,0.000,0.000,0.000,0.394,0.000,0.004,0.180,0.000,0.000,0.000,0.062,0.325,0.226,0.098,0.000,0.000,0.000,0.000,0.000,0.225,0.000,0.000,0.000,0.000,0.000,0.000,0.710,0.228,0.192,0.000,0.396,0.000,0.396,0.000,0.385,-0.039,0.027
471,0.157,0.000,0.267,0.136,0.025,0.000,0.000,0.052,0.000,0.176,1.000,0.158,0.000,0.000,0.000,0.289,0.000,0.003,0.208,0.000,0.000,0.000,0.046,0.272,0.140,0.098,0.000,0.000,0.000,0.000,0.000,0.225,0.000,0.000,0.000,0.000,0.000,0.000,0.710,0.228,0.228,0.000,0.475,0.000,0.475,0.000,0.462,0.037,0.000
472,0.157,0.000,0.267,0.136,0.025,0.000,0.000,0.040,0.000,0.176,1.000,0.174,0.000,0.000,0.000,0.179,0.000,0.002,0.187,0.000,0.000,0.000,0.029,0.071,0.052,0.098,0.000,0.000,0.000,0.000,0.000,0.225,0.000,0.000,0.000,0.000,0.000,0.000,0.710,0.228,0.220,0.000,0.425,0.000,0.425,0.000,0.414,0.127,0.000
473,0.157,0.000,0.267,0.136,0.025,0.000,0.000,0.034,0.000,0.176,1.000,0.222,0.000,0.000,0.000,0.107,0.000,0.001,0.154,0.000,0.000,0.000,0.017,-0.201,0.010,0.098,0.000,0.000,0.000,0.000,0.000,0.225,0.000,0.000,0.000,0.000,0.000,0.000,0.710,0.218,0.199,0.000,0.343,0.000,0.343,0.000,0.333,0.202,0.000
474,0.157,0.000,0.267,0.109,0.025,0.000,0.000,0.034,0.000,0.176,0.893,0.292,0.000,0.000,0.000,0.072,0.000,0.000,0.127,0.000,0.000,0.000,0.012,-0.344,0.192,0.098,0.000,0.000,0.000,0.000,0.000,0.225,0.000,0.000,0.000,0.000,0.000,0.000,0.710,0.191,0.169,0.000,0.277,0.000,0.277,0.000,0.270,0.233,0.000
475,0.157,0.000,0.267,0.050,0.025,0.000,0.000,0.034,0.000,0.176,0.523,0.362,0.000,0.000,0.000,0.047,0.000,0.000,0.104,0.000,0.000,0.000,0.007,-0.364,0.529,0.098,0.000,0.000,0.000,0.000,0.000,0.193,0.000,0.000,0.000,0.000,0.000,0.000,0.710,0.156,0.134,0.000,0.233,0.000,0.233,0.000,0.226,0.233,0.000
476,0.146,0.000,0.267,-0.009,0.025,0.000,0.000,0.034,0.000,0.176,0.242,0.417,0.000,0.000,0.000,0.034,0.000,0.001,0.090,0.000,0.002,0.000,0.004,-0.379,0.711,0.098,0.000,0.000,0.000,0.000,0.000,0.133,0.000,0.000,0.000,0.000,0.000,0.000,0.710,0.117,0.099,0.000,0.212,0.000,0.212,0.000,0.206,0.233,0.000
477,0.121,0.000,0.267,-0.036,0.025,0.000,0.000,0.034,0.000,0.176,0.158,0.452,0.000,0.000,0.000,0.040,0.000,0.002,0.078,0.003,0.006,0.000,0.002,-0.390,0.600,0.098,0.000,0.000,0.000,0.000,0.000,0.101,0.000,0.000,0.000,0.000,0.000,0.000,0.710,0.082,0.069,0.000,0.196,0.000,0.196,0.000,0.191,0.233,0.000
478,0.088,0.000,0.267,-0.015,0.025,0.000,0.000,0.034,0.000,0.176,0.223,0.485,0.000,0.000,0.000,0.108,0.000,0.016,0.124,0.034,0.021,0.000,0.003,-0.322,0.356,0.098,0.000,0.000,0.000,0.000,0.000,0.112,0.000,0.000,0.000,0.000,0.000,0.000,0.710,0.045,0.037,0.000,0.246,0.000,0.246,0.000,0.239,0.233,0.000
479,0.055,0.000,0.267,0.037,0.025,0.000,0.013,0.034,0.000,0.176,0.269,0.507,0.000,0.000,0.000,0.169,0.000,0.029,0.186,0.076,0.035,0.000,0.004,-0.251,0.111,0.098,0.000,0.000,0.000,0.000,0.000,0.136,0.000,0.000,0.000,0.000,0.000,0.000,0.710,0.010,0.008,0.000,0.291,0.000,0.291,0.000,0.283,0.233,0.000
480,0.030,0.004,0.267,0.105,0.025,0.000,0.040,0.034,0.000,0.176,0.221,0.485,0.000,0.000,0.000,0.159,0.000,0.015,0.145,0.070,0.033,0.000,0.070,-0.168,0.000,0.098,0.000,0.000,0.000,0.000,0.000,0.162,0.000,0.000,0.000,0.000,0.000,0.000,0.710,0.000,0.000,0.000,0.229,0.000,0.229,0.000,0.223,0.233,0.000
481,0.020,0.013,0.267,0.173,0.025,0.000,0.068,0.034,0.000,0.176,0.149,0.461,0.019,0.000,0.000,0.146,0.000,0.002,0.102,0.061,0.030,0.000,0.135,-0.085,0.116,0.098,0.000,0.000,0.000,0.000,0.000,0.180,0.000,0.000,0.000,0.000,0.000,0.000,0.710,0.000,0.000,0.000,0.165,0.000,0.165,0.000,0.160,0.233,0.000
482,0.020,0.021,0.267,0.225,0.025,0.000,0.081,0.034,0.000,0.176,0.098,0.457,0.078,0.000,0.000,0.138,0.000,0.001,0.089,0.056,0.029,0.000,0.135,-0.159,0.371,0.098,0.000,0.000,0.000,0.000,0.000,0.189,0.000,0.000,0.000,0.000,0.032,0.000,0.710,0.000,0.000,0.000,0.135,0.000,0.135,0.000,0.131,0.233,0.000
483,0.020,0.025,0.267,0.246,0.025,0.000,0.081,0.034,0.000,0.176,0.080,0.455,0.149,0.000,0.000,0.191,0.000,0.000,0.105,0.054,0.046,0.011,0.152,-0.222,0.625,0.098,0.000,0.000,0.000,0.000,0.000,0.197,0.000,0.000,0.000,0.000,0.107,0.000,0.710,0.000,0.000,0.000,0.161,0.000,0.161,0.000,0.157,0.233,0.000
484,0.020,0.023,0.267,0.246,0.025,0.000,0.081,0.034,0.000,0.176,0.080,0.455,0.208,0.000,0.000,0.284,0.000,0.000,0.178,0.058,0.063,0.022,0.170,-0.211,0.741,0.098,0.000,0.000,0.000,0.000,0.000,0.204,0.000,0.000,0.000,0.000,0.197,0.000,0.710,0.000,0.000,0.000,0.278,0.000,0.278,0.000,0.270,0.233,0.000
485,0.020,0.019,0.267,0.219,0.025,0.000,0.081,0.034,0.000,0.176,0.080,0.455,0.233,0.000,0.000,0.329,0.000,0.000,0.241,0.061,0.046,0.011,0.087,-0.305,0.625,0.098,0.000,0.000,0.000,0.000,0.000,0.210,0.000,0.000,0.000,0.000,0.273,0.000,0.710,0.000,0.000,0.000,0.339,0.000,0.339,0.000,0.330,0.233,0.000
486,0.020,0.013,0.267,0.157,0.025,0.000,0.081,0.034,0.000,0.176,0.080,0.455,0.226,0.000,0.000,0.329,0.000,0.000,0.247,0.061,0.028,0.000,0.003,-0.387,0.371,0.098,0.000,0.000,0.000,0.000,0.000,0.216,0.000,0.000,0.000,0.000,0.305,0.000,0.710,0.000,0.000,0.000,0.310,0.000,0.310,0.000,0.302,0.233,0.000
487,0.020,0.007,0.267,0.096,0.025,0.000,0.081,0.034,0.000,0.176,0.080,0.455,0.210,0.000,0.000,0.332,0.000,0.000,0.246,0.102,0.028,0.000,0.003,-0.355,0.116,0.098,0.000,0.000,0.000,0.000,0.000,0.220,0.000,0.000,0.000,0.000,0.257,0.000,0.710,0.000,0.000,0.000,0.271,0.000,0.271,0.000,0.267,0.233,0.000
488,0.020,0.002,0.267,0.068,0.025,0.000,0.068,0.034,0.000,0.176,0.080,0.455,0.190,0.000,0.000,0.333,0.000,0.000,0.252,0.188,0.028,0.000,0.003,-0.318,0.000,0.098,0.000,0.000,0.000,0.000,0.000,0.223,0.000,0.000,0.000,0.000,0.152,0.000,0.710,0.000,0.000,0.000,0.205,0.000,0.205,0.000,0.210,0.233,0.000
489,0.020,0.000,0.267,0.068,0.025,0.000,0.040,0.034,0.000,0.176,0.060,0.453,0.174,0.000,0.000,0.282,0.000,0.000,0.232,0.247,0.021,0.000,0.002,-0.286,0.000,0.098,0.000,0.000,0.000,0.000,0.000,0.224,0.000,0.000,0.000,0.000,0.048,0.000,0.710,0.004,0.008,0.000,0.137,0.000,0.137,0.000,0.151,0.233,0.000
490,0.020,0.000,0.267,0.068,0.025,0.000,0.013,0.034,0.000,0.176,0.021,0.450,0.167,0.000,0.000,0.184,0.000,0.000,0.185,0.254,0.007,0.000,0.000,-0.273,0.046,0.098,0.000,0.000,0.000,0.000,0.000,0.225,0.000,0.000,0.000,0.000,0.000,0.000,0.710,0.013,0.029,0.000,0.067,0.000,0.067,0.000,0.085,0.233,0.000
491,0.020,0.000,0.267,0.068,0.025,0.000,0.000,0.034,0.000,0.176,0.000,0.455,0.201,0.000,0.000,0.110,0.000,0.000,0.143,0.216,0.053,0.033,0.053,-0.273,0.148,0.098,0.000,0.000,0.000,0.000,0.000,0.213,0.000,0.000,0.000,0.000,0.102,0.000,0.710,0.026,0.057,0.000,0.064,0.000,0.064,0.000,0.079,0.233,0.000
492,0.177,0.023,0.273,0.068,0.025,0.000,0.000,0.056,0.000,0.176,0.000,0.472,0.276,0.000,0.000,0.069,0.000,0.000,0.093,0.136,0.175,0.109,0.175,-0.258,0.250,0.098,0.000,0.000,0.000,0.000,0.000,0.186,0.000,0.000,0.000,0.000,0.293,0.000,0.710,0.039,0.088,0.000,0.131,0.000,0.131,0.000,0.138,0.233,0.000
493,0.215,0.067,0.286,0.059,0.025,0.000,0.000,0.096,0.000,0.176,0.179,0.491,0.351,0.000,0.000,0.024,0.000,0.000,0.040,0.047,0.230,0.144,0.230,-0.256,0.296,0.098,0.000,0.000,0.000,0.000,0.000,0.153,0.000,0.000,0.000,0.000,0.395,0.000,0.710,0.052,0.116,0.000,0.159,0.000,0.159,0.000,0.158,0.233,0.000
494,0.257,0.090,0.293,0.042,0.025,0.000,0.000,0.117,0.000,0.176,0.540,0.535,0.385,0.000,0.000,0.000,0.000,0.018,0.085,0.000,0.115,0.072,0.115,-0.328,0.219,0.098,0.000,0.000,0.000,0.000,0.000,0.125,0.000,0.000,0.000,0.000,0.389,0.000,0.710,0.061,0.137,0.000,0.260,0.000,0.260,0.000,0.253,0.233,0.000
495,0.257,0.090,0.293,0.033,0.025,0.000,0.000,0.117,0.000,0.176,0.764,0.584,0.385,0.000,0.000,0.016,0.000,0.045,0.172,0.000,0.000,0.000,0.003,-0.388,0.077,0.098,0.000,0.000,0.000,0.000,0.000,0.113,0.000,0.000,0.000,0.000,0.371,0.000,0.710,0.065,0.145,0.000,0.408,0.000,0.408,0.000,0.397,0.233,0.000
496,0.257,0.090,0.293,0.033,0.025,0.000,0.000,0.117,0.000,0.176,0.753,0.594,0.369,0.000,0.000,0.057,0.000,0.056,0.177,0.000,0.000,0.000,0.009,-0.356,0.000,0.098,0.015,0.000,0.000,0.000,0.000,0.113,0.000,0.000,0.000,0.000,0.339,0.000,0.710,0.068,0.134,0.000,0.431,0.000,0.431,0.000,0.420,0.233,0.000
497,0.257,0.090,0.293,0.033,0.025,0.000,0.000,0.117,0.000,0.176,0.843,0.505,0.325,0.000,0.000,0.114,0.000,0.015,0.177,0.085,0.000,0.000,0.018,-0.311,0.014,0.144,0.055,0.000,0.000,0.000,0.000,0.113,0.000,0.000,0.000,0.000,0.292,0.000,0.710,0.064,0.108,0.000,0.217,0.000,0.217,0.000,0.276,0.233,0.000
498,0.249,0.083,0.285,0.066,0.025,0.000,0.000,0.120,0.000,0.176,1.000,0.447,0.263,0.000,0.000,0.178,0.000,0.000,0.292,0.244,0.000,0.000,0.029,-0.261,0.048,0.231,0.111,0.000,0.000,0.000,0.000,0.113,0.000,0.000,0.000,0.000,0.172,0.000,0.710,0.054,0.073,0.000,0.094,0.000,0.094,0.000,0.276,0.233,0.000
499,0.229,0.067,0.269,0.139,0.025,0.000,0.005,0.129,0.000,0.176,0.894,0.405,0.193,0.000,0.000,0.265,0.000,0.000,0.420,0.353,0.000,0.000,0.039,-0.212,0.089,0.278,0.175,0.000,0.000,0.000,0.000,0.113,0.000,0.000,0.000,0.000,0.063,0.000,0.710,0.041,0.038,0.000,0.128,0.000,0.128,0.000,0.375,0.233,0.000
500,0.207,0.045,0.253,0.215,0.025,0.000,0.018,0.140,0.000,0.176,0.654,0.360,0.122,0.000,0.000,0.376,0.000,0.000,0.298,0.241,0.000,0.000,0.047,-0.173,0.123,0.250,0.239,0.000,0.000,0.000,0.000,0.113,0.000,0.000,0.000,0.000,0.037,0.000,0.710,0.027,0.011,0.000,0.196,0.000,0.196,0.000,0.316,0.233,0.000
501,0.187,0.023,0.245,0.256,0.025,0.000,0.034,0.153,0.000,0.176,0.108,0.314,0.060,0.000,0.000,0.472,0.000,0.000,0.177,0.129,0.000,0.000,0.051,-0.150,0.138,0.188,0.295,0.000,0.000,0.000,0.000,0.123,0.000,0.000,0.000,0.000,0.019,0.000,0.710,0.013,0.000,0.000,0.214,0.000,0.214,0.000,0.209,0.233,0.000
502,0.179,0.007,0.245,0.266,0.025,0.000,0.050,0.165,0.000,0.176,0.030,0.272,0.017,0.000,0.000,0.504,0.000,0.000,0.210,0.152,0.000,0.000,0.052,-0.149,0.129,0.126,0.335,0.000,0.000,0.000,0.000,0.146,0.000,0.000,0.000,0.000,0.008,0.000,0.710,0.004,0.000,0.000,0.256,0.000,0.256,0.000,0.249,0.233,0.000
503,0.189,0.000,0.245,0.272,0.025,0.000,0.063,0.173,0.000,0.176,0.000,0.238,0.000,0.000,0.000,0.482,0.000,0.000,0.209,0.152,0.000,0.000,0.048,-0.167,0.106,0.098,0.350,0.000,0.000,0.000,0.000,0.173,0.000,0.000,0.000,0.000,0.002,0.000,0.710,0.000,0.000,0.000,0.254,0.000,0.254,0.000,0.247,0.233,0.000
504,0.206,0.000,0.245,0.276,0.025,0.000,0.068,0.177,0.000,0.176,0.000,0.214,0.000,0.000,0.000,0.446,0.000,0.000,0.202,0.152,0.000,0.000,0.042,-0.195,0.073,0.098,0.350,0.000,0.000,0.000,0.000,0.196,0.000,0.000,0.000,0.000,0.000,0.000,0.710,0.000,0.000,0.000,0.239,0.000,0.239,0.000,0.233,0.233,0.000
505,0.216,0.000,0.245,0.278,0.025,0.000,0.063,0.177,0.000,0.176,0.000,0.206,0.000,0.000,0.000,0.368,0.000,0.000,0.166,0.123,0.000,0.000,0.036,-0.225,0.039,0.098,0.350,0.000,0.000,0.000,0.000,0.206,0.000,0.000,0.000,0.000,0.000,0.000,0.710,0.000,0.000,0.000,0.197,0.000,0.197,0.000,0.191,0.233,0.000
