,faceMuscles.frontalis,faceMuscles.currogator,faceMuscles.medFrontalis,faceMuscles.orbOculi,faceMuscles.orbOculi_L,faceMuscles.orbOculi_R,faceMuscles.orbOculi_out,faceMuscles.latFrontalis,faceMuscles.latFrontalis_L,faceMuscles.latFrontalis_R,faceMuscles.LabInf,faceMuscles.zygomatic,faceMuscles.labSup,faceMuscles.labSup_AN,faceMuscles.triangularis,faceMuscles.incisivus,faceMuscles.mentalis,faceMuscles.risoriusPlatysma,faceMuscles.orbOris_loose_lo,faceMuscles.orbOris_loose_hi,faceMuscles.orbOris_tight_lo,faceMuscles.orbOris_tight_hi,faceMuscles.orbOri0s_tight_hi2,faceMuscles.orbOris_tight_lo2,faceMuscles.mouthClose,faceMuscles.orbOculi_lo,faceMuscles.buccinator,faceMuscles.orbOculi_lo_L,faceMuscles.orbOculi_lo_R,faceMuscles.labSup_L,faceMuscles.labSup_R,faceMuscles.zygomatic_L,faceMuscles.zygomatic_R,faceMuscles.risoriusPlatysma_L,faceMuscles.risoriusPlatysma_R,faceMuscles.levAnguliOris,faceMuscles.dilatorNaris,faceMuscles.Zyg_Minor,faceMuscles.mentalis_lowerLip,faceMuscles.triangularis_L,faceMuscles.triangularis_R,faceMuscles.orbOris_up_hi,faceMuscles.jawOpenComp,faceMuscles.blow,jaw.rotateZ,jaw.rotateY,jaw.translateX,blink_ctl.translateY,loBlink_ctl.translateY
2167,0.360,0.000,0.000,0.000,0.000,0.000,0.000,0.000,0.474,0.000,0.000,0.240,0.000,0.000,0.000,0.000,0.000,0.000,0.000,0.000,0.000,0.000,0.000,0.000,0.000,0.031,0.000,0.000,0.000,0.000,0.000,0.000,0.000,0.000,0.000,0.000,0.000,0.077,0.000,0.000,0.000,0.000,0.000,0.377,0.000,0.000,-0.000,-1.000,0.000
2168,0.360,0.000,0.000,0.000,0.000,0.000,0.000,0.000,0.474,0.000,0.000,0.240,0.000,0.000,0.000,0.000,0.000,0.000,0.000,0.000,0.000,0.000,0.000,0.000,0.000,0.031,0.000,0.000,0.000,0.000,0.000,0.000,0.000,0.000,0.000,0.000,0.000,0.077,0.000,0.000,0.000,0.000,0.000,0.377,0.000,0.000,-0.000,-0.699,0.000
2169,0.360,0.000,0.000,0.000,0.000,0.000,0.000,0.000,0.474,0.000,0.000,0.240,0.000,0.000,0.000,0.000,0.000,0.000,0.000,0.000,0.000,0.000,0.000,0.000,0.000,0.031,0.000,0.000,0.000,0.000,0.000,0.000,0.000,0.000,0.000,0.000,0.000,0.077,0.000,0.000,0.000,0.000,0.000,0.377,0.000,0.000,-0.000,-0.298,0.000
2170,0.360,0.000,0.000,0.000,0.000,0.000,0.000,0.000,0.474,0.000,0.000,0.240,0.000,0.000,0.000,0.000,0.000,0.000,0.000,0.000,0.000,0.000,0.000,0.000,0.000,0.031,0.000,0.000,0.000,0.000,0.000,0.000,0.000,0.000,0.000,0.000,0.000,0.077,0.000,0.000,0.000,0.000,0.000,0.377,0.000,0.000,-0.000,-0.112,0.000
2171,0.360,0.000,0.000,0.000,0.000,0.000,0.000,0.000,0.474,0.000,0.000,0.240,0.000,0.000,0.000,0.000,0.000,0.000,0.000,0.000,0.000,0.000,0.000,0.000,0.000,0.031,0.000,0.000,0.000,0.000,0.000,0.000,0.000,0.000,0.000,0.000,0.000,0.077,0.000,0.000,0.000,0.000,0.000,0.377,0.000,0.000,-0.000,-0.108,0.000
2172,0.360,0.000,0.000,0.000,0.000,0.000,0.000,0.000,0.474,0.000,0.000,0.240,0.000,0.000,0.000,0.000,0.000,0.000,0.000,0.000,0.000,0.000,0.000,0.000,0.000,0.031,0.000,0.000,0.000,0.000,0.000,0.000,0.000,0.000,0.000,0.000,0.000,0.077,0.000,0.000,0.000,0.000,0.000,0.377,0.000,0.000,-0.000,-0.104,0.000
2173,0.360,0.000,0.000,0.000,0.000,0.000,0.000,0.000,0.474,0.000,0.000,0.240,0.000,0.000,0.000,0.000,0.000,0.000,0.000,0.000,0.000,0.000,0.000,0.000,0.000,0.031,0.000,0.000,0.000,0.000,0.000,0.000,0.000,0.000,0.000,0.000,0.000,0.077,0.000,0.000,0.000,0.000,0.000,0.377,0.000,0.000,-0.000,-0.102,0.000
2174,0.360,0.000,0.000,0.000,0.000,0.000,0.000,0.000,0.474,0.000,0.000,0.240,0.000,0.000,0.000,0.000,0.000,0.000,0.000,0.000,0.000,0.000,0.000,0.000,0.000,0.031,0.000,0.000,0.000,0.000,0.000,0.000,0.000,0.000,0.000,0.000,0.000,0.077,0.000,0.000,0.000,0.000,0.000,0.377,0.000,0.000,-0.000,-0.101,0.000
2175,0.360,0.000,0.000,0.000,0.000,0.000,0.000,0.000,0.474,0.000,0.000,0.240,0.000,0.000,0.000,0.000,0.000,0.000,0.000,0.000,0.000,0.000,0.000,0.000,0.000,0.031,0.000,0.000,0.000,0.000,0.000,0.000,0.000,0.000,0.000,0.000,0.000,0.077,0.000,0.000,0.000,0.000,0.000,0.377,0.000,0.000,-0.000,-0.100,0.000
2176,0.360,0.000,0.000,0.000,0.000,0.000,0.000,0.000,0.474,0.000,0.000,0.240,0.000,0.000,0.000,0.000,0.000,0.000,0.000,0.000,0.000,0.000,0.000,0.000,0.000,0.031,0.000,0.000,0.000,0.000,0.000,0.000,0.000,0.000,0.000,0.000,0.000,0.077,0.000,0.000,0.000,0.000,0.000,0.377,0.000,0.000,-0.000,-0.099,0.000
2177,0.360,0.000,0.000,0.000,0.000,0.000,0.000,0.000,0.474,0.000,0.000,0.240,0.000,0.000,0.000,0.000,0.000,0.000,0.000,0.000,0.000,0.000,0.000,0.000,0.000,0.031,0.000,0.000,0.000,0.000,0.000,0.000,0.000,0.000,0.000,0.000,0.000,0.077,0.000,0.000,0.000,0.000,0.000,0.377,0.000,0.000,-0.000,-0.099,0.000
2178,0.360,0.000,0.000,0.000,0.000,0.000,0.000,0.000,0.474,0.000,0.000,0.240,0.000,0.000,0.000,0.000,0.000,0.000,0.000,0.000,0.000,0.000,0.000,0.000,0.000,0.031,0.000,0.000,0.000,0.000,0.000,0.000,0.000,0.000,0.000,0.000,0.000,0.077,0.000,0.000,0.000,0.000,0.000,0.377,0.000,0.000,-0.000,-0.099,0.000
2179,0.360,0.000,0.000,0.000,0.000,0.000,0.000,0.000,0.474,0.000,0.000,0.240,0.000,0.000,0.000,0.000,0.000,0.000,0.000,0.000,0.000,0.000,0.000,0.000,0.000,0.031,0.000,0.000,0.000,0.000,0.000,0.000,0.000,0.000,0.000,0.000,0.000,0.077,0.000,0.000,0.000,0.000,0.000,0.377,0.000,0.000,-0.000,-0.098,0.000
2180,0.360,0.000,0.000,0.000,0.000,0.000,0.000,0.000,0.474,0.000,0.000,0.240,0.000,0.000,0.000,0.000,0.000,0.000,0.000,0.000,0.000,0.000,0.000,0.000,0.000,0.031,0.000,0.000,0.000,0.000,0.000,0.000,0.000,0.000,0.000,0.000,0.000,0.077,0.000,0.000,0.000,0.000,0.000,0.377,0.000,0.000,-0.000,-0.098,0.000
2181,0.360,0.000,0.000,0.000,0.000,0.000,0.000,0.000,0.474,0.000,0.000,0.240,0.000,0.000,0.000,0.000,0.000,0.000,0.000,0.000,0.000,0.000,0.000,0.000,0.000,0.031,0.000,0.000,0.000,0.000,0.000,0.000,0.000,0.000,0.000,0.000,0.000,0.077,0.000,0.000,0.000,0.000,0.000,0.377,0.000,0.000,-0.000,-0.098,0.000
2182,0.360,0.000,0.000,0.000,0.000,0.000,0.000,0.000,0.474,0.000,0.000,0.240,0.000,0.000,0.000,0.000,0.000,0.000,0.000,0.000,0.000,0.000,0.000,0.000,0.000,0.031,0.000,0.000,0.000,0.000,0.000,0.000,0.000,0.000,0.000,0.000,0.000,0.077,0.000,0.000,0.000,0.000,0.000,0.377,0.000,0.000,-0.000,-0.098,0.000
2183,0.360,0.000,0.000,0.000,0.000,0.000,0.000,0.000,0.474,0.000,0.000,0.240,0.000,0.000,0.000,0.000,0.000,0.000,0.000,0.000,0.000,0.000,0.000,0.000,0.000,0.031,0.000,0.000,0.000,0.000,0.000,0.000,0.000,0.000,0.000,0.000,0.000,0.077,0.000,0.000,0.000,0.000,0.000,0.377,0.000,0.000,-0.000,-0.098,0.000
2184,0.360,0.000,0.000,0.000,0.000,0.000,0.000,0.000,0.474,0.000,0.000,0.240,0.000,0.000,0.000,0.000,0.000,0.000,0.000,0.000,0.000,0.000,0.000,0.000,0.000,0.031,0.000,0.000,0.000,0.000,0.000,0.000,0.000,0.000,0.000,0.000,0.000,0.077,0.000,0.000,0.000,0.000,0.000,0.377,0.000,0.000,-0.000,-0.098,0.000
2185,0.360,0.000,0.000,0.000,0.000,0.000,0.000,0.000,0.475,0.000,0.000,0.240,0.000,0.000,0.000,0.001,0.000,0.000,0.000,0.000,0.000,0.000,0.000,0.000,0.000,0.027,0.000,0.000,0.000,0.000,0.000,0.000,0.000,0.000,0.000,0.000,0.000,0.077,0.000,0.000,0.000,0.000,0.000,0.378,0.000,0.000,0.000,-0.098,-0.000
2186,0.360,0.000,0.000,0.000,0.000,0.000,0.000,0.000,0.479,0.000,0.000,0.240,0.000,0.000,0.000,0.002,0.000,0.000,0.001,0.000,0.000,0.000,0.000,0.000,0.000,0.020,0.000,0.000,0.000,0.000,0.000,0.000,0.000,0.000,0.000,0.000,0.000,0.077,0.000,0.000,0.000,0.000,0.001,0.380,0.001,0.000,0.001,-0.097,-0.000
2187,0.360,0.000,0.000,0.000,0.000,0.000,0.000,0.000,0.484,0.000,0.000,0.240,0.000,0.000,0.000,0.003,0.000,0.000,0.001,0.000,0.000,0.000,0.000,0.000,0.000,0.011,0.000,0.000,0.000,0.000,0.000,0.000,0.000,0.000,0.000,0.000,0.000,0.077,0.000,0.000,0.000,0.000,0.002,0.382,0.002,0.000,0.002,-0.097,-0.000
2188,0.360,0.000,0.000,0.000,0.000,0.000,0.000,0.000,0.488,0.000,0.000,0.240,0.000,0.000,0.000,0.006,0.000,0.000,0.002,0.000,0.000,0.000,0.000,0.000,0.000,0.003,0.000,0.000,0.000,0.000,0.000,0.000,0.000,0.000,0.000,0.000,0.000,0.077,0.000,0.000,0.000,0.000,0.004,0.381,0.004,0.000,0.003,-0.097,-0.000
2189,0.360,0.000,0.000,0.000,0.000,0.000,0.000,0.000,0.490,0.000,0.001,0.241,0.000,0.000,0.000,0.009,0.000,0.000,0.004,0.000,0.000,0.000,0.000,0.000,0.000,0.000,0.000,0.000,0.000,0.000,0.000,0.000,0.000,0.000,0.000,0.000,0.000,0.077,0.000,0.000,0.000,0.000,0.006,0.377,0.006,0.000,0.005,-0.097,-0.001
2190,0.349,0.015,-0.001,0.000,0.000,0.000,0.000,0.000,0.498,0.000,0.001,0.241,0.000,0.000,0.000,0.012,0.000,0.001,0.005,0.000,0.000,0.000,0.000,0.000,0.000,0.017,0.000,0.000,0.000,0.000,0.000,0.000,0.000,0.000,0.000,0.000,0.000,0.077,0.000,0.000,0.000,0.000,0.008,0.368,0.008,0.000,0.008,-0.097,-0.001
2191,0.317,0.054,-0.004,0.000,0.000,0.000,0.000,0.000,0.519,0.000,0.001,0.241,0.000,0.000,0.000,0.016,0.000,0.001,0.007,0.000,0.000,0.000,0.000,0.000,0.000,0.064,0.000,0.000,0.000,0.000,0.000,0.000,0.000,0.000,0.000,0.000,0.000,0.077,0.000,0.000,0.000,0.000,0.011,0.359,0.011,0.000,0.010,-0.096,-0.001
2192,0.272,0.111,-0.007,0.000,0.000,0.000,0.000,0.000,0.548,0.000,0.001,0.241,0.000,0.000,0.000,0.020,0.000,0.001,0.009,0.000,0.000,0.000,0.000,0.000,0.000,0.132,0.000,0.000,0.000,0.000,0.000,0.000,0.000,0.000,0.000,0.000,0.000,0.077,0.000,0.000,0.000,0.000,0.014,0.349,0.014,0.000,0.013,-0.096,-0.001
2193,0.217,0.179,-0.011,0.000,0.000,0.000,0.000,0.000,0.583,0.000,0.002,0.242,0.000,0.000,0.000,0.025,0.000,0.001,0.011,0.000,0.000,0.000,0.000,0.000,0.000,0.213,0.000,0.000,0.000,0.000,0.000,0.000,0.000,0.000,0.000,0.000,0.000,0.077,0.000,0.000,0.000,0.000,0.017,0.337,0.017,0.000,0.016,-0.096,-0.002
2194,0.159,0.251,-0.013,0.000,0.000,0.000,0.000,0.000,0.619,0.000,0.002,0.242,0.000,0.000,0.000,0.030,0.000,0.001,0.013,0.000,0.000,0.000,0.000,0.000,0.000,0.297,0.000,0.000,0.000,0.000,0.000,0.000,0.000,0.000,0.000,0.000,0.000,0.077,0.000,0.000,0.000,0.000,0.021,0.324,0.021,0.000,0.020,-0.096,-0.002
2195,0.103,0.319,-0.014,0.000,0.000,0.000,0.000,0.000,0.651,0.000,0.003,0.242,0.000,0.000,0.000,0.036,0.000,0.002,0.016,0.000,0.000,0.000,0.000,0.000,0.000,0.378,0.000,0.000,0.000,0.000,0.000,0.000,0.000,0.000,0.000,0.000,0.000,0.077,0.000,0.000,0.000,0.000,0.025,0.309,0.025,0.000,0.024,-0.096,-0.003
2196,0.054,0.376,-0.013,0.000,0.000,0.000,0.000,0.000,0.677,0.000,0.003,0.243,0.000,0.000,0.000,0.042,0.000,0.002,0.019,0.000,0.000,0.000,0.000,0.000,0.000,0.446,0.000,0.000,0.000,0.000,0.000,0.000,0.000,0.000,0.000,0.000,0.000,0.077,0.000,0.000,0.000,0.000,0.029,0.292,0.029,0.000,0.028,-0.095,-0.003
2197,0.018,0.415,-0.009,0.000,0.000,0.000,0.000,0.000,0.691,0.000,0.003,0.243,0.000,0.000,0.000,0.048,0.000,0.002,0.022,0.000,0.000,0.000,0.000,0.000,0.000,0.493,0.000,0.000,0.000,0.000,0.000,0.000,0.000,0.000,0.000,0.000,0.000,0.077,0.000,0.000,0.000,0.000,0.033,0.273,0.033,0.000,0.032,-0.095,-0.004
2198,0.000,0.430,0.000,0.000,0.000,0.000,0.000,0.000,0.690,0.000,0.004,0.244,0.000,0.000,0.000,0.055,0.000,0.002,0.025,0.001,0.000,0.000,0.000,0.000,0.000,0.510,0.000,0.000,0.000,0.000,0.000,0.000,0.000,0.000,0.000,0.000,0.000,0.077,0.000,0.000,0.000,0.000,0.038,0.253,0.038,0.000,0.037,-0.095,-0.004
2199,-0.007,0.429,0.011,0.000,0.000,0.000,0.000,0.000,0.680,0.000,0.004,0.244,0.000,0.000,0.000,0.062,0.000,0.003,0.029,0.001,0.000,0.000,0.000,0.000,0.000,0.509,0.000,0.000,0.000,0.000,0.000,0.000,0.000,0.000,0.000,0.000,0.000,0.077,0.000,0.000,0.000,0.000,0.043,0.231,0.043,0.000,0.041,-0.095,-0.005
2200,-0.014,0.428,0.023,0.000,0.000,0.000,0.000,0.000,0.669,0.000,0.005,0.245,0.000,0.000,0.000,0.069,0.000,0.003,0.032,0.001,0.000,0.000,0.000,0.000,0.000,0.508,0.000,0.000,0.000,0.000,0.000,0.000,0.000,0.000,0.000,0.000,0.000,0.077,0.000,0.000,0.000,0.000,0.048,0.209,0.048,0.000,0.046,-0.094,-0.006
2201,-0.022,0.425,0.036,0.000,0.000,0.000,0.000,0.000,0.657,0.000,0.005,0.245,0.000,0.000,0.000,0.076,0.000,0.003,0.036,0.001,0.000,0.000,0.000,0.000,0.000,0.504,0.000,0.000,0.000,0.000,0.000,0.000,0.000,0.000,0.000,0.000,0.000,0.077,0.000,0.000,0.000,0.000,0.053,0.188,0.053,0.000,0.051,-0.094,-0.006
2202,-0.029,0.422,0.050,0.000,0.000,0.000,0.000,0.000,0.645,0.000,0.006,0.246,0.000,0.000,0.000,0.084,0.000,0.004,0.040,0.001,0.000,0.000,0.000,0.000,0.000,0.500,0.000,0.000,0.000,0.000,0.000,0.000,0.000,0.000,0.000,0.000,0.000,0.077,0.000,0.000,0.000,0.000,0.058,0.168,0.058,0.000,0.057,-0.094,-0.007
2203,-0.036,0.417,0.064,0.000,0.000,0.000,0.000,0.000,0.632,0.000,0.006,0.246,0.000,0.000,0.000,0.091,0.000,0.004,0.044,0.001,0.000,0.000,0.000,0.000,0.000,0.495,0.000,0.000,0.000,0.000,0.000,0.000,0.000,0.000,0.000,0.000,0.000,0.077,0.000,0.000,0.000,0.000,0.064,0.150,0.064,0.000,0.062,-0.094,-0.008
2204,-0.043,0.412,0.079,0.000,0.000,0.000,0.000,0.000,0.618,0.000,0.007,0.247,0.000,0.000,0.000,0.099,0.000,0.004,0.048,0.002,0.000,0.000,0.000,0.000,0.000,0.489,0.000,0.000,0.000,0.000,0.000,0.000,0.000,0.000,0.000,0.000,0.000,0.077,0.000,0.000,0.000,0.000,0.069,0.133,0.069,0.000,0.067,-0.093,-0.008
2205,-0.050,0.406,0.094,0.000,0.000,0.000,0.000,0.000,0.604,0.000,0.008,0.247,0.000,0.000,0.000,0.106,0.000,0.005,0.053,0.002,0.000,0.000,0.000,0.000,0.000,0.481,0.000,0.000,0.000,0.000,0.000,0.000,0.000,0.000,0.000,0.000,0.000,0.077,0.000,0.000,0.000,0.000,0.075,0.119,0.075,0.000,0.073,-0.093,-0.009
2206,-0.056,0.399,0.110,0.000,0.000,0.000,0.000,0.000,0.589,0.000,0.008,0.248,0.000,0.000,0.000,0.114,0.000,0.005,0.057,0.002,0.000,0.000,0.000,0.000,0.000,0.473,0.000,0.000,0.000,0.000,0.000,0.000,0.000,0.000,0.000,0.000,0.000,0.077,0.000,0.000,0.000,0.000,0.081,0.106,0.081,0.000,0.079,-0.093,-0.010
2207,-0.063,0.391,0.126,0.000,0.000,0.000,0.000,0.000,0.574,0.000,0.009,0.248,0.000,0.000,0.000,0.122,0.000,0.005,0.062,0.003,0.000,0.000,0.000,0.000,0.000,0.464,0.000,0.000,0.000,0.000,0.000,0.000,0.000,0.000,0.000,0.000,0.000,0.077,0.000,0.000,0.000,0.000,0.087,0.095,0.087,0.000,0.084,-0.093,-0.011
2208,-0.069,0.383,0.142,0.000,0.000,0.000,0.000,0.000,0.559,0.000,0.009,0.249,0.000,0.000,0.000,0.130,0.000,0.006,0.066,0.003,0.000,0.000,0.000,0.000,0.000,0.454,0.000,0.000,0.000,0.000,0.000,0.000,0.000,0.000,0.000,0.000,0.000,0.077,0.000,0.000,0.000,0.000,0.093,0.085,0.093,0.000,0.090,-0.093,-0.012
2209,-0.075,0.374,0.159,0.000,0.000,0.000,0.000,0.000,0.542,0.000,0.010,0.249,0.000,0.000,0.000,0.137,0.000,0.006,0.071,0.003,0.000,0.000,0.000,0.000,0.000,0.444,0.000,0.000,0.000,0.000,0.000,0.000,0.000,0.000,0.000,0.000,0.000,0.077,0.000,0.000,0.000,0.000,0.099,0.076,0.099,0.000,0.096,-0.092,-0.013
2210,-0.081,0.364,0.177,0.000,0.000,0.000,0.000,0.000,0.526,0.000,0.010,0.250,0.000,0.000,0.000,0.145,0.000,0.006,0.076,0.004,0.000,0.000,0.000,0.000,0.000,0.432,0.000,0.000,0.000,0.000,0.000,0.000,0.000,0.000,0.000,0.000,0.000,0.077,0.000,0.000,0.000,0.000,0.104,0.068,0.104,0.000,0.101,-0.092,-0.014
2211,-0.086,0.354,0.194,0.000,0.000,0.000,0.000,0.000,0.509,0.000,0.011,0.250,0.000,0.000,0.000,0.152,0.000,0.007,0.080,0.004,0.000,0.000,0.000,0.000,0.000,0.420,0.000,0.000,0.000,0.000,0.000,0.000,0.000,0.000,0.000,0.000,0.000,0.077,0.000,0.000,0.000,0.000,0.110,0.060,0.110,0.000,0.107,-0.092,-0.015
2212,-0.091,0.343,0.211,0.000,0.000,0.000,0.000,0.000,0.491,0.000,0.011,0.251,0.000,0.000,0.000,0.160,0.000,0.007,0.085,0.005,0.000,0.000,0.000,0.000,0.000,0.407,0.000,0.000,0.000,0.000,0.000,0.000,0.000,0.000,0.000,0.000,0.000,0.077,0.000,0.000,0.000,0.000,0.116,0.054,0.116,0.000,0.113,-0.092,-0.016
2213,-0.096,0.332,0.229,0.000,0.000,0.000,0.000,0.000,0.474,0.000,0.012,0.251,0.000,0.000,0.000,0.167,0.000,0.007,0.090,0.005,0.000,0.000,0.000,0.000,0.000,0.394,0.000,0.000,0.000,0.000,0.000,0.000,0.000,0.000,0.000,0.000,0.000,0.077,0.000,0.000,0.000,0.000,0.122,0.048,0.122,0.000,0.118,-0.091,-0.017
2214,-0.100,0.320,0.247,0.000,0.000,0.000,0.000,0.000,0.456,0.000,0.012,0.252,0.000,0.000,0.000,0.174,0.000,0.007,0.094,0.006,0.000,0.000,0.000,0.000,0.000,0.380,0.000,0.000,0.000,0.000,0.000,0.000,0.000,0.000,0.000,0.000,0.000,0.077,0.000,0.000,0.000,0.000,0.128,0.043,0.128,0.000,0.124,-0.091,-0.018
2215,-0.104,0.308,0.264,0.000,0.000,0.000,0.000,0.000,0.437,0.000,0.013,0.252,0.000,0.000,0.000,0.181,0.000,0.008,0.099,0.006,0.000,0.000,0.000,0.000,0.000,0.365,0.000,0.000,0.000,0.000,0.000,0.000,0.000,0.000,0.000,0.000,0.000,0.077,0.000,0.000,0.000,0.000,0.133,0.038,0.133,0.000,0.130,-0.091,-0.019
2216,-0.107,0.296,0.282,0.000,0.000,0.000,0.000,0.000,0.419,0.000,0.013,0.253,0.000,0.000,0.000,0.188,0.000,0.008,0.104,0.007,0.000,0.000,0.000,0.000,0.000,0.351,0.000,0.000,0.000,0.000,0.000,0.000,0.000,0.000,0.000,0.000,0.000,0.077,0.000,0.000,0.000,0.000,0.139,0.034,0.139,0.000,0.135,-0.091,-0.020
2217,-0.110,0.283,0.300,0.000,0.000,0.000,0.000,0.000,0.400,0.000,0.014,0.253,0.000,0.000,0.000,0.195,0.000,0.008,0.108,0.007,0.000,0.000,0.000,0.000,0.000,0.335,0.000,0.000,0.000,0.000,0.000,0.000,0.000,0.000,0.000,0.000,0.000,0.077,0.000,0.000,0.000,0.000,0.144,0.030,0.144,0.000,0.140,-0.091,-0.021
2218,-0.113,0.270,0.317,0.000,0.000,0.000,0.000,0.000,0.381,0.000,0.014,0.253,0.000,0.000,0.000,0.201,0.000,0.009,0.113,0.008,0.000,0.000,0.000,0.000,0.000,0.320,0.000,0.000,0.000,0.000,0.000,0.000,0.000,0.000,0.000,0.000,0.000,0.077,0.000,0.000,0.000,0.000,0.149,0.026,0.149,0.000,0.145,-0.090,-0.022
2219,-0.115,0.256,0.334,0.000,0.000,0.000,0.000,0.000,0.362,0.000,0.015,0.254,0.000,0.000,0.000,0.207,0.000,0.009,0.117,0.009,0.000,0.000,0.000,0.000,0.000,0.304,0.000,0.000,0.000,0.000,0.000,0.000,0.000,0.000,0.000,0.000,0.000,0.077,0.000,0.000,0.000,0.000,0.154,0.023,0.154,0.000,0.150,-0.090,-0.023
2220,-0.116,0.243,0.351,0.000,0.000,0.000,0.000,0.000,0.343,0.000,0.015,0.254,0.000,0.000,0.000,0.213,0.000,0.009,0.121,0.009,0.000,0.000,0.000,0.000,0.000,0.288,0.000,0.000,0.000,0.000,0.000,0.000,0.000,0.000,0.000,0.000,0.000,0.077,0.000,0.000,0.000,0.000,0.159,0.020,0.159,0.000,0.155,-0.090,-0.025
2221,-0.117,0.229,0.367,0.000,0.000,0.000,0.000,0.000,0.324,0.000,0.015,0.254,0.000,0.000,0.000,0.219,0.000,0.009,0.125,0.010,0.000,0.000,0.000,0.000,0.000,0.271,0.000,0.000,0.000,0.000,0.000,0.000,0.000,0.000,0.000,0.000,0.000,0.077,0.000,0.000,0.000,0.000,0.164,0.017,0.164,0.000,0.159,-0.090,-0.026
2222,-0.117,0.215,0.383,0.000,0.000,0.000,0.000,0.000,0.304,0.000,0.015,0.255,0.000,0.000,0.000,0.224,0.000,0.009,0.129,0.010,0.000,0.000,0.000,0.000,0.000,0.255,0.000,0.000,0.000,0.000,0.000,0.000,0.000,0.000,0.000,0.000,0.000,0.077,0.000,0.000,0.000,0.000,0.168,0.015,0.168,0.000,0.164,-0.090,-0.027
2223,-0.117,0.201,0.399,0.000,0.000,0.000,0.000,0.000,0.285,0.000,0.016,0.255,0.000,0.000,0.000,0.230,0.000,0.010,0.132,0.011,0.000,0.000,0.000,0.000,0.000,0.238,0.000,0.000,0.000,0.000,0.000,0.000,0.000,0.000,0.000,0.000,0.000,0.077,0.000,0.000,0.000,0.000,0.173,0.012,0.173,0.000,0.168,-0.089,-0.028
2224,-0.116,0.187,0.414,0.000,0.000,0.000,0.000,0.000,0.266,0.000,0.016,0.255,0.000,0.000,0.000,0.235,0.000,0.010,0.136,0.012,0.000,0.000,0.000,0.000,0.000,0.222,0.000,0.000,0.000,0.000,0.000,0.000,0.000,0.000,0.000,0.000,0.000,0.077,0.000,0.000,0.000,0.000,0.177,0.011,0.177,0.000,0.172,-0.089,-0.029
2225,-0.114,0.173,0.428,0.000,0.000,0.000,0.000,0.000,0.247,0.000,0.016,0.255,0.000,0.000,0.000,0.239,0.000,0.010,0.139,0.012,0.000,0.000,0.000,0.000,0.000,0.205,0.000,0.000,0.000,0.000,0.000,0.000,0.000,0.000,0.000,0.000,0.000,0.077,0.000,0.000,0.000,0.000,0.180,0.009,0.180,0.000,0.175,-0.089,-0.031
2226,-0.111,0.159,0.442,0.000,0.000,0.000,0.000,0.000,0.227,0.000,0.016,0.255,0.000,0.000,0.000,0.243,0.000,0.010,0.142,0.013,0.000,0.000,0.000,0.000,0.000,0.189,0.000,0.000,0.000,0.000,0.000,0.000,0.000,0.000,0.000,0.000,0.000,0.077,0.000,0.000,0.000,0.000,0.184,0.007,0.184,0.000,0.178,-0.089,-0.032
2227,-0.108,0.145,0.455,0.000,0.000,0.000,0.000,0.000,0.208,0.000,0.016,0.255,0.000,0.000,0.000,0.247,0.000,0.010,0.145,0.013,0.000,0.000,0.000,0.000,0.000,0.172,0.000,0.000,0.000,0.000,0.000,0.000,0.000,0.000,0.000,0.000,0.000,0.077,0.000,0.000,0.000,0.000,0.187,0.006,0.187,0.000,0.181,-0.089,-0.033
2228,-0.104,0.131,0.468,0.000,0.000,0.000,0.000,0.000,0.190,0.000,0.016,0.256,0.000,0.000,0.000,0.251,0.000,0.010,0.147,0.014,0.000,0.000,0.000,0.000,0.000,0.156,0.000,0.000,0.000,0.000,0.000,0.000,0.000,0.000,0.000,0.000,0.000,0.077,0.000,0.000,0.000,0.000,0.189,0.005,0.189,0.000,0.184,-0.089,-0.035
2229,-0.099,0.118,0.479,0.000,0.000,0.000,0.000,0.000,0.171,0.000,0.016,0.256,0.000,0.000,0.000,0.254,0.000,0.010,0.150,0.014,0.000,0.000,0.000,0.000,0.000,0.140,0.000,0.000,0.000,0.000,0.000,0.000,0.000,0.000,0.000,0.000,0.000,0.077,0.000,0.000,0.000,0.000,0.192,0.004,0.192,0.000,0.186,-0.088,-0.036
2230,-0.093,0.104,0.490,0.000,0.000,0.000,0.000,0.000,0.152,0.000,0.016,0.255,0.000,0.000,0.000,0.257,0.000,0.010,0.152,0.014,0.000,0.000,0.000,0.000,0.000,0.124,0.000,0.000,0.000,0.000,0.000,0.000,0.000,0.000,0.000,0.000,0.000,0.077,0.000,0.000,0.000,0.000,0.194,0.003,0.194,0.000,0.188,-0.088,-0.037
2231,-0.087,0.091,0.500,0.000,0.000,0.000,0.000,0.000,0.134,0.000,0.016,0.255,0.000,0.000,0.000,0.260,0.000,0.010,0.153,0.015,0.000,0.000,0.000,0.000,0.000,0.108,0.000,0.000,0.000,0.000,0.000,0.000,0.000,0.000,0.000,0.000,0.000,0.077,0.000,0.000,0.000,0.000,0.195,0.002,0.195,0.000,0.190,-0.088,-0.039
2232,-0.079,0.078,0.509,0.000,0.000,0.000,0.000,0.000,0.116,0.000,0.016,0.255,0.000,0.000,0.000,0.262,0.000,0.010,0.155,0.015,0.000,0.000,0.000,0.000,0.000,0.093,0.000,0.000,0.000,0.000,0.000,0.000,0.000,0.000,0.000,0.000,0.000,0.077,0.000,0.000,0.000,0.000,0.196,0.001,0.196,0.000,0.191,-0.088,-0.040
2233,-0.071,0.066,0.517,0.000,0.000,0.000,0.000,0.000,0.098,0.000,0.016,0.255,0.000,0.000,0.000,0.264,0.000,0.010,0.156,0.015,0.000,0.000,0.000,0.000,0.000,0.078,0.000,0.000,0.000,0.000,0.000,0.000,0.000,0.000,0.000,0.000,0.000,0.077,0.000,0.000,0.000,0.000,0.197,0.001,0.197,0.000,0.192,-0.088,-0.041
2234,-0.062,0.054,0.524,0.000,0.000,0.000,0.000,0.000,0.081,0.000,0.016,0.255,0.000,0.000,0.000,0.266,0.000,0.009,0.156,0.016,0.000,0.000,0.000,0.000,0.000,0.064,0.000,0.000,0.000,0.000,0.000,0.000,0.000,0.000,0.000,0.000,0.000,0.077,0.000,0.000,0.000,0.000,0.197,0.000,0.197,0.000,0.192,-0.088,-0.043
2235,-0.051,0.042,0.529,0.000,0.000,0.000,0.000,0.000,0.064,0.000,0.015,0.254,0.000,0.000,0.000,0.267,0.000,0.009,0.157,0.016,0.000,0.000,0.000,0.000,0.000,0.050,0.000,0.000,0.000,0.000,0.000,0.000,0.000,0.000,0.000,0.000,0.000,0.077,0.000,0.000,0.000,0.000,0.197,0.000,0.197,0.000,0.192,-0.088,-0.044
2236,-0.040,0.031,0.534,0.000,0.000,0.000,0.000,0.000,0.047,0.000,0.015,0.254,0.000,0.000,0.000,0.267,0.000,0.009,0.157,0.016,0.000,0.000,0.000,0.000,0.000,0.036,0.000,0.000,0.000,0.000,0.000,0.000,0.000,0.000,0.000,0.000,0.000,0.077,0.000,0.000,0.000,0.000,0.196,0.000,0.196,0.000,0.191,-0.088,-0.045
2237,-0.028,0.020,0.537,0.000,0.000,0.000,0.000,0.000,0.031,0.000,0.014,0.254,0.000,0.000,0.000,0.268,0.000,0.009,0.156,0.016,0.000,0.000,0.000,0.000,0.000,0.024,0.000,0.000,0.000,0.000,0.000,0.000,0.000,0.000,0.000,0.000,0.000,0.077,0.000,0.000,0.000,0.000,0.195,0.000,0.195,0.000,0.190,-0.088,-0.047
2238,-0.014,0.010,0.539,0.000,0.000,0.000,0.000,0.000,0.015,0.000,0.007,0.247,0.000,0.000,0.000,0.720,0.000,0.004,0.264,0.114,0.043,0.000,0.051,0.217,0.000,0.011,0.000,0.000,0.000,0.000,0.000,0.000,0.000,0.000,0.000,0.000,0.000,0.077,0.000,0.000,0.000,0.000,0.179,0.000,0.179,0.000,0.174,-0.087,-0.048
2239,0.000,0.000,0.540,0.000,0.000,0.000,0.000,0.000,0.000,0.000,0.000,0.240,0.000,0.000,0.000,0.758,0.000,0.000,0.392,0.228,0.091,0.000,0.046,0.108,0.000,0.000,0.000,0.000,0.000,0.000,0.000,0.000,0.000,0.000,0.000,0.000,0.000,0.077,0.000,0.000,0.000,0.000,0.166,0.000,0.166,0.000,0.162,-0.087,-0.049
2240,0.075,-0.011,0.492,0.000,0.000,0.000,0.000,0.000,-0.010,0.000,0.017,0.256,0.000,0.000,0.000,0.453,0.000,0.010,0.270,0.159,0.026,0.000,0.003,0.000,0.000,-0.007,0.000,0.000,0.000,0.000,0.000,-0.001,0.000,0.000,0.000,0.000,0.000,0.077,0.000,0.000,0.000,0.000,0.240,0.000,0.240,0.000,0.233,-0.087,-0.051
2241,0.234,-0.021,0.376,0.000,0.000,0.000,0.000,0.000,-0.011,0.000,0.368,0.255,0.000,0.000,0.000,0.183,0.000,0.024,0.109,0.054,0.003,0.000,0.000,0.000,0.000,-0.008,0.000,0.000,0.000,0.000,0.000,-0.003,0.000,0.000,0.000,0.000,0.000,0.077,0.000,0.000,0.000,0.000,0.216,0.000,0.216,0.000,0.211,-0.087,-0.052
2242,0.424,-0.026,0.229,0.000,0.000,0.000,0.000,0.000,-0.007,0.000,0.605,0.254,0.000,0.000,0.000,0.000,0.000,0.064,0.014,0.000,0.000,0.000,0.000,0.000,0.000,-0.005,0.000,0.000,0.000,0.000,0.000,-0.006,0.000,0.000,0.000,0.000,0.000,0.077,0.000,0.000,0.000,0.000,0.180,0.000,0.180,0.000,0.175,-0.087,-0.054
2243,0.594,-0.021,0.091,0.000,0.000,0.000,0.000,0.000,-0.002,0.000,0.605,0.254,0.000,0.000,0.000,0.000,0.000,0.064,0.014,0.000,0.000,0.000,0.000,0.000,0.000,-0.002,0.275,0.000,0.000,0.000,0.000,-0.010,0.000,0.000,0.000,0.000,0.000,0.077,0.000,0.000,0.000,0.000,0.180,0.000,0.180,0.000,0.175,-0.087,-0.055
2244,0.690,0.000,0.000,0.000,0.000,0.000,0.000,0.000,0.000,0.000,0.605,0.254,0.000,0.000,0.000,0.000,0.000,0.064,0.014,0.000,0.000,0.000,0.000,0.000,0.000,0.000,0.550,0.000,0.000,0.000,0.000,-0.014,0.000,0.000,0.000,0.000,0.000,0.077,0.000,0.000,0.000,0.000,0.180,0.000,0.180,0.000,0.175,-0.087,-0.056
2245,0.694,0.046,-0.035,0.000,0.000,0.000,0.000,0.000,0.000,0.000,0.605,0.254,0.000,0.000,0.000,0.000,0.000,0.064,0.014,0.000,0.000,0.000,0.000,0.000,0.000,0.000,0.550,0.000,0.000,0.000,0.000,-0.018,0.000,0.000,0.000,0.000,0.000,0.077,0.000,0.000,0.000,0.000,0.180,0.000,0.180,0.000,0.175,-0.087,-0.058
2246,0.640,0.115,-0.039,0.000,0.000,0.000,0.000,0.000,0.000,0.000,0.605,0.254,0.000,0.000,0.000,0.000,0.000,0.064,0.014,0.000,0.000,0.000,0.000,0.000,0.000,0.000,0.550,0.000,0.000,0.000,0.000,-0.023,0.000,0.000,0.000,0.000,0.000,0.077,0.000,0.000,0.000,0.000,0.180,0.000,0.180,0.000,0.175,-0.087,-0.059
2247,0.557,0.191,-0.026,0.000,0.000,0.000,0.000,0.000,0.000,0.000,0.359,0.247,0.000,0.000,0.000,0.316,0.000,0.019,0.244,0.180,0.067,0.000,0.014,0.000,0.280,0.000,0.405,0.000,0.000,0.000,0.000,-0.027,0.000,0.000,0.000,0.000,0.000,0.077,0.000,0.000,0.000,0.000,0.143,0.000,0.143,0.000,0.139,-0.862,-0.061
2248,0.474,0.258,-0.009,0.000,0.000,0.000,0.000,0.000,0.000,0.000,0.000,0.240,0.000,0.000,0.000,0.573,0.000,0.000,0.228,0.173,0.144,0.000,0.052,0.000,0.560,0.000,0.260,0.000,0.000,0.000,0.000,-0.030,0.000,0.000,0.000,0.000,0.000,0.077,0.000,0.000,0.000,0.000,0.083,0.000,0.083,0.000,0.081,-1.000,-0.062
2249,0.420,0.300,0.000,0.000,0.000,0.000,0.000,0.000,0.000,0.000,0.000,0.240,0.000,0.000,0.000,0.573,0.000,0.000,0.228,0.173,0.144,0.000,0.052,0.000,0.475,0.000,0.370,0.000,0.000,0.000,0.000,-0.033,0.000,0.000,0.000,0.000,0.000,0.077,0.000,0.000,0.000,0.000,0.083,0.000,0.083,0.000,0.081,-1.000,-0.063
2250,0.399,0.303,0.000,0.000,0.000,0.000,0.000,0.000,0.000,0.000,0.000,0.240,0.000,0.000,0.000,0.573,0.000,0.000,0.228,0.173,0.144,0.000,0.052,0.000,0.250,0.000,0.480,0.000,0.000,0.000,0.000,-0.034,0.000,0.000,0.000,0.000,0.000,0.077,0.000,0.000,0.000,0.000,0.083,0.000,0.083,0.000,0.081,-0.499,-0.065
2251,0.395,0.277,0.000,0.000,0.000,0.000,0.000,0.000,0.000,0.000,0.037,0.275,0.000,0.000,0.000,0.512,0.000,0.022,0.310,0.207,0.120,0.000,0.038,0.000,0.055,0.000,0.390,0.000,0.000,0.000,0.000,-0.034,0.000,0.000,0.000,0.000,0.000,0.077,0.000,0.000,0.000,0.000,0.174,0.000,0.174,0.000,0.170,-0.096,-0.066
2252,0.403,0.243,0.000,0.000,0.000,0.000,0.000,0.000,0.000,0.000,0.074,0.310,0.000,0.000,0.000,0.370,0.000,0.045,0.347,0.208,0.080,0.000,0.019,0.000,0.000,0.000,0.250,0.000,0.000,0.000,0.000,-0.032,0.000,0.000,0.000,0.000,0.000,0.077,0.000,0.000,0.000,0.000,0.257,0.000,0.257,0.000,0.250,-0.090,-0.068
2253,0.420,0.220,0.000,0.000,0.000,0.000,0.000,0.000,0.000,0.000,0.079,0.310,0.000,0.000,0.000,0.260,0.000,0.045,0.262,0.143,0.055,0.000,0.010,0.000,0.000,0.000,0.162,0.000,0.000,0.000,0.000,-0.027,0.000,0.000,0.000,0.000,0.000,0.077,0.000,0.000,0.000,0.000,0.243,0.000,0.243,0.000,0.236,-0.084,-0.069
2254,0.452,0.214,0.000,0.000,0.000,0.000,0.000,0.000,0.000,0.000,0.098,0.309,0.000,0.000,0.000,0.186,0.000,0.044,0.190,0.089,0.039,0.000,0.005,0.000,0.000,0.000,0.096,-0.006,0.000,0.000,0.000,-0.021,0.000,0.000,0.000,0.000,0.000,0.077,0.000,0.000,0.000,0.000,0.235,0.000,0.235,0.000,0.229,-0.078,-0.070
2255,0.499,0.215,0.000,0.000,0.000,0.000,0.000,0.000,0.000,0.000,0.136,0.306,0.000,0.000,0.000,0.139,0.000,0.043,0.144,0.056,0.029,0.000,0.003,0.000,0.000,0.000,0.050,-0.015,0.000,0.000,0.000,-0.012,0.000,0.000,0.000,0.000,0.000,0.077,0.000,0.000,0.000,0.000,0.231,0.000,0.231,0.000,0.224,-0.073,-0.072
2256,0.546,0.218,0.000,0.000,0.000,0.000,0.000,0.000,0.000,0.000,0.194,0.301,0.000,0.000,0.000,0.111,0.000,0.040,0.115,0.038,0.023,0.000,0.002,0.000,0.000,0.000,0.020,-0.017,0.000,0.000,0.000,0.000,0.000,0.000,0.000,0.000,0.000,0.077,0.000,0.000,0.000,0.000,0.226,0.000,0.226,0.000,0.220,-0.067,-0.073
2257,0.580,0.220,0.000,0.000,0.000,0.000,0.000,0.000,0.000,0.000,0.274,0.292,0.000,0.000,0.000,0.088,0.000,0.038,0.088,0.026,0.018,0.000,0.001,0.000,0.000,0.000,0.005,0.000,0.000,0.000,0.000,0.075,0.000,0.000,0.000,0.000,0.000,0.077,0.000,0.000,0.000,0.000,0.217,0.000,0.217,0.000,0.211,-0.062,-0.074
2258,0.590,0.220,0.000,0.000,0.000,0.000,0.000,0.000,0.000,0.000,0.372,0.278,0.000,0.000,0.000,0.061,0.000,0.037,0.058,0.013,0.013,0.000,0.001,0.000,0.000,0.000,0.000,0.063,0.000,0.000,0.000,0.200,0.000,0.000,0.000,0.000,0.000,0.077,0.000,0.000,0.000,0.000,0.200,0.000,0.200,0.000,0.194,-0.057,-0.076
2259,0.585,0.220,0.000,0.000,0.000,0.000,0.000,0.000,0.000,0.000,0.484,0.263,0.000,0.000,0.000,0.033,0.000,0.043,0.030,0.004,0.007,0.000,0.000,0.000,0.000,0.000,0.081,0.152,0.000,0.000,0.000,0.270,0.000,0.000,0.000,0.000,0.000,0.077,0.000,0.000,0.000,0.000,0.181,0.000,0.181,0.000,0.176,-0.052,-0.077
2260,0.580,0.220,0.000,0.000,0.000,0.000,0.000,0.000,0.000,0.000,0.583,0.251,0.000,0.000,0.000,0.014,0.000,0.057,0.013,0.001,0.003,0.000,0.000,0.000,0.000,0.000,0.260,0.210,0.000,0.000,0.000,0.276,0.000,0.000,0.000,0.000,0.000,0.077,0.000,0.000,0.000,0.000,0.169,0.000,0.169,0.000,0.164,-0.047,-0.078
2261,0.578,0.222,0.000,0.000,0.000,0.000,0.000,0.000,0.000,0.000,0.647,0.243,0.000,0.000,0.000,0.004,0.000,0.074,0.003,0.000,0.001,0.000,0.000,0.000,0.000,0.000,0.439,0.228,0.000,0.000,0.000,0.281,0.000,0.000,0.000,0.000,0.000,0.076,0.000,0.000,0.000,0.000,0.160,0.000,0.160,0.000,0.156,-0.042,-0.079
2262,0.573,0.227,0.000,0.000,0.000,0.000,0.000,0.000,0.000,0.000,0.669,0.240,0.000,0.000,0.000,0.000,0.000,0.082,0.000,0.000,0.000,0.000,0.000,0.000,0.000,0.000,0.520,0.237,0.000,0.000,0.000,0.285,0.000,0.000,0.000,0.000,0.000,0.074,0.000,0.000,0.000,0.000,0.157,0.000,0.157,0.000,0.152,-0.037,-0.081
2263,0.568,0.232,0.000,0.000,0.000,0.000,0.000,0.000,0.000,0.000,0.678,0.248,0.000,0.000,0.000,0.000,0.000,0.087,0.009,0.000,0.000,0.000,0.000,0.000,0.000,0.000,0.439,0.239,0.000,0.000,0.000,0.289,0.000,0.000,0.000,0.000,0.000,0.072,0.000,0.000,0.000,0.000,0.182,0.000,0.182,0.000,0.177,-0.033,-0.082
2264,0.565,0.234,0.000,0.000,0.000,0.000,0.000,0.000,0.000,0.000,0.697,0.267,0.000,0.000,0.000,0.000,0.000,0.099,0.029,0.000,0.000,0.000,0.000,0.000,0.000,0.000,0.260,0.234,0.000,0.000,0.000,0.293,0.000,0.000,0.000,0.000,0.000,0.069,0.000,0.000,0.000,0.000,0.238,0.000,0.238,0.000,0.231,-0.029,-0.083
2265,0.569,0.231,0.000,0.000,0.000,0.000,0.000,0.000,0.000,0.000,0.717,0.286,0.000,0.000,0.000,0.000,0.000,0.111,0.048,0.000,0.000,0.000,0.000,0.000,0.000,0.000,0.081,0.224,0.000,0.000,0.000,0.296,0.000,0.000,0.000,0.000,0.000,0.066,0.000,0.000,0.000,0.000,0.293,0.000,0.293,0.000,0.285,-0.025,-0.084
2266,0.580,0.220,0.000,0.000,0.000,0.000,0.000,0.000,0.000,0.000,0.726,0.294,0.000,0.000,0.000,0.000,0.000,0.116,0.057,0.000,0.000,0.000,0.000,0.000,0.000,0.000,0.000,0.210,0.000,0.000,0.000,0.299,0.000,0.000,0.000,0.000,0.000,0.063,0.000,0.000,0.000,0.000,0.319,0.000,0.319,0.000,0.310,-0.021,-0.085
2267,0.601,0.200,0.000,0.000,0.000,0.000,0.000,0.000,0.000,0.000,0.446,0.267,0.000,0.000,0.000,0.570,0.000,0.039,0.317,0.219,0.104,0.000,0.030,0.000,0.000,0.000,0.285,0.191,0.000,0.000,0.000,0.301,0.000,0.000,0.000,0.000,0.000,0.059,0.000,0.000,0.000,0.000,0.240,0.000,0.240,0.000,0.233,-0.017,-0.087
2268,0.630,0.173,0.000,0.000,0.000,0.000,0.000,0.000,0.000,0.000,0.000,0.240,0.000,0.000,0.000,0.922,0.000,0.000,0.041,0.030,0.221,0.000,0.104,0.003,0.000,0.000,0.570,0.165,0.000,0.000,0.000,0.303,0.000,0.000,0.000,0.000,0.000,0.055,0.000,0.000,0.000,0.000,0.128,0.000,0.128,0.000,0.124,-0.013,-0.088
2269,0.663,0.141,0.000,0.000,0.000,0.000,0.000,0.000,0.000,0.000,0.016,0.255,0.000,0.000,0.000,0.922,0.000,0.010,0.057,0.030,0.221,0.000,0.104,0.003,0.000,0.000,0.570,0.134,0.000,0.000,0.000,0.305,0.000,0.000,0.000,0.000,0.000,0.051,0.000,0.000,0.000,0.000,0.172,0.000,0.172,0.000,0.167,-0.010,-0.089
2270,0.699,0.107,0.000,0.000,0.000,0.000,0.000,0.000,0.000,0.000,0.031,0.270,0.000,0.000,0.000,0.922,0.000,0.019,0.073,0.030,0.221,0.000,0.104,0.003,0.000,0.000,0.570,0.102,0.000,0.000,0.000,0.306,0.000,0.000,0.000,0.000,0.000,0.046,0.000,0.000,0.000,0.000,0.217,0.000,0.217,0.000,0.211,-0.006,-0.090
2271,0.734,0.073,0.000,0.000,0.000,0.000,0.000,0.000,0.000,0.000,0.016,0.255,0.000,0.000,0.000,0.922,0.000,0.010,0.057,0.030,0.221,0.000,0.104,0.003,0.000,0.000,0.570,0.070,0.000,0.000,0.000,0.307,0.000,0.000,0.000,0.000,0.000,0.041,0.000,0.000,0.000,0.000,0.172,0.000,0.172,0.000,0.167,-0.003,-0.091
2272,0.766,0.042,0.000,0.000,0.000,0.000,0.000,0.000,0.000,0.000,0.000,0.240,0.000,0.000,0.000,0.922,0.000,0.000,0.041,0.030,0.221,0.000,0.104,0.003,0.000,0.000,0.570,0.040,0.000,0.000,0.000,0.307,0.000,0.000,0.000,0.000,0.000,0.037,0.000,0.000,0.000,0.000,0.128,0.000,0.128,0.000,0.124,0.000,-0.092
2273,0.792,0.017,0.000,0.000,0.000,0.000,0.000,0.000,0.000,0.000,0.069,0.305,0.000,0.000,0.000,0.570,0.000,0.042,0.357,0.219,0.104,0.000,0.030,0.000,0.000,0.000,0.285,0.016,0.000,0.000,0.000,0.307,0.000,0.000,0.000,0.000,0.000,0.032,0.000,0.000,0.000,0.000,0.254,0.000,0.254,0.000,0.247,0.003,-0.093
2274,0.810,0.000,0.000,0.000,0.000,0.000,0.000,0.000,0.000,0.000,0.137,0.370,0.000,0.000,0.000,0.000,0.000,0.083,0.137,0.000,0.000,0.000,0.000,0.000,0.000,0.000,0.000,0.000,0.000,0.000,0.000,0.307,0.000,0.000,0.000,0.000,0.000,0.027,0.000,0.000,0.000,0.000,0.388,0.000,0.388,0.000,0.378,0.006,-0.094
2275,0.822,-0.010,0.000,0.000,0.000,0.000,0.000,0.000,0.000,0.000,0.125,0.358,0.000,0.000,0.000,0.091,0.000,0.076,0.161,0.095,0.092,0.000,0.001,0.000,0.000,0.000,0.148,-0.009,0.000,0.000,0.000,0.307,0.000,0.000,0.000,0.000,0.000,0.022,0.000,0.000,0.000,0.000,0.365,0.000,0.365,0.000,0.355,0.009,-0.095
2276,0.831,-0.016,0.000,0.000,0.000,0.000,0.000,0.000,0.000,0.000,0.093,0.328,0.000,0.000,0.000,0.274,0.000,0.056,0.294,0.345,0.265,0.000,0.011,0.000,0.000,0.000,0.422,-0.015,0.000,0.000,0.000,0.306,0.000,0.000,0.000,0.000,0.000,0.017,0.000,0.000,0.000,0.000,0.297,0.000,0.297,0.000,0.289,0.011,-0.096
2277,0.839,-0.018,0.000,0.000,0.000,0.000,0.000,0.000,0.000,0.000,0.049,0.286,0.000,0.000,0.000,0.370,0.000,0.029,0.322,0.468,0.360,0.000,0.019,0.000,0.000,0.000,0.570,-0.017,0.000,0.000,0.000,0.306,0.000,0.000,0.000,0.000,0.000,0.012,0.000,0.000,0.000,0.000,0.184,0.000,0.184,0.000,0.179,0.014,-0.097
2278,0.843,-0.018,0.000,0.000,0.000,0.000,0.000,0.000,0.000,0.000,0.014,0.254,0.000,0.000,0.000,0.343,0.000,0.009,0.271,0.387,0.356,0.000,0.016,0.000,0.000,0.000,0.570,-0.017,0.000,0.000,0.000,0.305,0.000,0.000,0.000,0.000,0.000,0.008,0.000,0.000,0.000,0.000,0.105,0.000,0.105,0.000,0.102,0.016,-0.098
2279,0.846,-0.015,0.000,0.000,0.000,0.000,0.000,0.000,0.000,0.000,0.002,0.242,0.002,0.000,0.000,0.290,0.000,0.001,0.217,0.231,0.344,0.000,0.012,0.000,0.000,0.000,0.570,-0.015,0.000,0.000,0.000,0.304,0.000,0.000,0.000,0.000,0.000,0.004,0.000,0.000,0.000,0.000,0.099,0.000,0.099,0.000,0.096,0.018,-0.099
2280,0.845,-0.012,0.000,0.000,0.000,0.000,0.000,0.000,0.000,0.000,0.000,0.240,0.004,0.000,0.000,0.261,0.000,0.000,0.188,0.143,0.334,0.000,0.010,0.000,0.000,0.000,0.570,-0.011,0.000,0.000,0.000,0.302,0.000,0.000,0.000,0.000,0.000,-0.000,0.000,0.000,0.000,0.000,0.108,0.000,0.108,0.000,0.105,0.020,-0.100
2281,0.841,-0.008,0.000,0.000,0.000,0.000,0.000,0.000,0.000,0.000,0.044,0.282,0.001,0.000,0.000,0.401,0.000,0.027,0.330,0.217,0.231,0.000,0.022,0.000,0.000,0.000,0.675,-0.007,0.000,0.000,0.000,0.301,0.000,0.000,0.000,0.000,0.000,-0.004,0.000,0.000,0.000,0.000,0.217,0.000,0.217,0.000,0.211,0.022,-0.101
2282,0.834,-0.004,0.000,0.000,0.000,0.000,0.000,0.000,0.000,0.000,0.089,0.324,0.000,0.000,0.000,0.519,0.000,0.054,0.358,0.205,0.123,0.000,0.039,0.000,0.000,0.000,0.780,-0.004,0.000,0.000,0.000,0.299,0.000,0.000,0.000,0.000,0.000,-0.007,0.000,0.000,0.000,0.000,0.322,0.000,0.322,0.000,0.313,0.024,-0.101
2283,0.824,-0.001,0.000,0.000,0.000,0.000,0.000,0.000,0.000,0.000,0.173,0.282,0.000,0.000,0.000,0.499,0.000,0.027,0.377,0.259,0.116,0.000,0.036,0.000,0.000,0.000,0.752,-0.001,0.000,0.000,0.000,0.298,0.000,0.000,0.000,0.000,0.000,-0.010,0.000,0.000,0.000,0.000,0.217,0.000,0.217,0.000,0.247,0.026,-0.102
2284,0.810,0.000,0.000,0.000,0.000,0.000,0.000,0.000,0.000,0.000,0.262,0.240,0.000,0.000,0.000,0.469,0.000,0.000,0.395,0.313,0.106,0.000,0.031,0.000,0.000,0.000,0.640,0.000,0.000,0.000,0.000,0.296,0.000,0.000,0.000,0.000,0.000,-0.013,0.000,0.000,0.000,0.000,0.106,0.000,0.106,0.000,0.175,0.028,-0.103
2285,0.769,0.000,0.000,0.000,0.000,0.000,0.000,0.000,0.000,0.000,0.262,0.240,0.000,0.000,0.000,0.607,0.000,0.000,0.397,0.314,0.104,0.000,0.030,0.000,0.270,0.000,0.278,0.000,0.000,0.000,0.000,0.294,0.000,0.000,0.000,0.000,0.000,-0.015,0.000,0.000,0.000,0.000,0.105,0.000,0.105,0.000,0.174,0.029,-0.103
2286,0.699,0.000,0.000,0.000,0.000,0.000,0.000,0.000,0.000,0.000,0.262,0.240,0.000,0.000,0.000,0.740,0.000,0.000,0.398,0.315,0.101,0.000,0.028,0.000,0.540,0.000,0.000,0.000,0.000,0.000,0.000,0.292,0.000,0.000,0.000,0.000,0.000,-0.016,0.000,0.000,0.000,0.000,0.103,0.000,0.103,0.000,0.172,0.031,-0.104
2287,0.629,0.000,0.000,0.000,0.000,0.000,0.000,0.000,0.000,0.000,0.172,0.281,0.000,0.000,0.000,0.714,0.000,0.026,0.391,0.272,0.093,0.000,0.024,0.000,0.540,0.000,0.000,0.000,0.000,0.000,0.000,0.290,0.000,0.000,0.000,0.000,0.000,-0.017,0.000,0.000,0.000,0.000,0.202,0.000,0.202,0.000,0.233,0.032,-0.105
2288,0.590,0.000,0.000,0.000,0.000,0.000,0.000,0.000,0.000,0.000,0.086,0.321,0.000,0.000,0.000,0.679,0.000,0.052,0.378,0.235,0.075,0.000,0.017,0.000,0.540,0.000,0.000,0.000,0.000,0.000,0.000,0.288,0.000,0.000,0.000,0.000,0.000,-0.017,0.000,0.000,0.000,0.000,0.307,0.000,0.307,0.000,0.298,0.034,-0.105
2289,0.579,0.000,0.000,-0.002,0.000,0.000,0.000,0.000,-0.001,0.000,0.084,0.320,0.000,0.000,0.000,0.621,0.000,0.051,0.339,0.233,0.048,0.000,0.008,0.000,0.484,0.000,0.000,0.000,0.000,0.000,0.000,0.286,0.000,0.000,0.000,0.000,0.000,-0.016,0.000,0.000,0.000,0.000,0.337,0.000,0.337,0.000,0.328,0.035,-0.106
2290,0.573,0.000,0.000,-0.007,0.000,0.000,0.000,0.000,-0.004,0.000,0.080,0.316,0.000,0.000,0.000,0.512,0.000,0.048,0.282,0.211,0.026,0.000,0.003,0.000,0.350,0.000,0.000,0.000,0.000,0.000,0.000,0.284,0.000,0.000,0.000,0.000,0.000,-0.015,0.000,0.000,0.000,0.000,0.346,0.000,0.346,0.000,0.336,0.036,-0.106
2291,0.570,0.000,0.000,-0.014,0.000,0.000,0.000,0.000,-0.007,0.000,0.075,0.311,0.000,0.000,0.000,0.364,0.000,0.046,0.234,0.177,0.014,0.000,0.001,0.000,0.190,0.000,0.000,0.000,0.000,0.000,0.000,0.282,0.000,0.000,0.000,0.000,0.000,-0.013,0.000,0.000,0.000,0.000,0.324,0.000,0.324,0.000,0.315,0.037,-0.107
2292,0.571,0.000,0.000,-0.021,0.000,0.000,0.000,0.000,-0.012,0.000,0.070,0.307,0.000,0.000,0.000,0.241,0.000,0.043,0.204,0.156,0.006,0.000,0.000,0.000,0.056,0.000,0.000,0.000,0.000,0.000,0.000,0.280,0.000,0.000,0.000,0.000,0.000,-0.010,0.000,0.000,0.000,0.000,0.299,0.000,0.299,0.000,0.291,0.038,-0.107
2293,0.575,0.000,0.000,-0.029,0.000,0.000,0.000,0.000,-0.016,0.000,0.060,0.297,0.000,0.000,0.000,0.158,0.000,0.037,0.169,0.128,0.001,0.000,0.000,0.000,0.000,0.000,0.000,0.000,0.000,0.000,0.000,0.279,0.000,0.000,0.000,0.000,0.000,-0.006,0.000,0.000,0.000,0.000,0.251,0.000,0.251,0.000,0.244,0.039,-0.108
2294,0.579,0.000,0.000,-0.036,0.000,0.000,0.000,0.000,-0.020,0.000,0.040,0.278,0.000,0.000,0.000,0.249,0.000,0.024,0.108,0.079,0.000,0.000,0.000,0.000,0.115,0.000,0.175,0.000,0.000,0.000,0.000,0.277,0.000,0.000,0.000,0.000,0.000,-0.001,0.000,0.000,0.000,0.000,0.160,0.000,0.160,0.000,0.156,0.039,-0.108
2295,0.584,0.000,0.000,-0.041,0.000,0.000,0.000,0.000,-0.022,0.000,0.000,0.240,0.000,0.000,0.000,0.647,0.000,0.000,0.245,0.186,0.070,0.000,0.015,0.000,0.230,0.000,0.350,0.000,0.000,0.000,0.000,0.276,0.000,0.000,0.000,0.000,0.000,0.005,0.000,0.000,0.000,0.000,0.040,0.000,0.040,0.000,0.039,0.040,-0.108
2296,0.589,0.000,0.000,-0.043,0.000,0.000,0.000,0.000,-0.023,0.000,0.014,0.254,0.000,0.000,0.000,0.647,0.000,0.009,0.260,0.186,0.070,0.000,0.015,0.000,0.230,0.000,0.350,0.000,0.000,0.000,0.000,0.274,0.000,0.000,0.000,0.000,0.000,0.012,0.000,0.000,0.000,0.000,0.081,0.000,0.081,0.000,0.078,0.041,-0.109
2297,0.593,0.000,0.000,-0.041,0.000,0.000,0.000,0.000,-0.022,0.000,0.000,0.240,0.000,0.000,0.000,0.823,0.000,0.000,0.277,0.210,0.117,0.000,0.036,0.000,0.230,0.000,0.350,0.000,0.000,0.000,0.000,0.273,0.000,0.000,0.000,0.000,0.000,0.019,0.000,0.000,0.000,0.000,0.068,0.000,0.068,0.000,0.066,0.041,-0.109
2298,0.595,0.000,0.000,-0.033,0.000,0.000,0.000,0.000,-0.018,0.000,0.106,0.340,0.000,0.000,0.000,0.329,0.000,0.064,0.291,0.027,0.000,0.000,0.000,0.000,0.000,0.000,0.000,0.000,0.000,0.000,0.000,0.272,0.000,0.000,0.000,0.000,0.000,0.028,0.000,0.000,0.000,0.000,0.503,0.000,0.503,0.000,0.489,0.042,-0.109
2299,0.594,0.000,0.000,-0.020,0.000,0.000,0.000,0.000,-0.011,0.000,0.053,0.290,0.000,0.000,0.000,0.337,0.000,0.032,0.243,0.029,0.000,0.000,0.000,0.000,0.000,0.000,0.380,0.000,0.000,0.000,0.000,0.271,0.000,0.000,0.000,0.000,0.000,0.039,0.000,0.000,0.000,0.000,0.360,0.000,0.360,0.000,0.351,0.042,-0.109
2300,0.590,0.000,0.000,0.000,0.000,0.000,0.000,0.000,0.000,0.000,0.000,0.240,0.000,0.000,0.000,0.338,0.000,0.000,0.191,0.029,0.000,0.000,0.000,0.000,0.000,0.000,0.760,0.000,0.000,0.000,0.000,0.271,0.000,0.000,0.000,0.000,0.000,0.050,0.000,0.000,0.000,0.000,0.212,0.000,0.212,0.000,0.206,0.042,-0.109
2301,0.580,0.000,0.000,0.037,0.000,0.000,0.000,0.000,0.020,0.000,0.000,0.240,0.000,0.000,0.000,0.415,0.000,0.000,0.217,0.052,0.018,0.000,0.001,0.000,0.000,0.000,0.760,0.000,0.000,0.000,0.000,0.270,0.000,0.000,0.000,0.000,0.000,0.063,0.000,0.000,0.000,0.000,0.214,0.000,0.214,0.000,0.208,0.042,-0.109
2302,0.564,0.000,0.000,0.096,0.000,0.000,0.000,0.000,0.052,0.000,0.000,0.240,0.000,0.000,0.000,0.553,0.000,0.000,0.347,0.161,0.054,0.000,0.009,0.000,0.000,0.000,0.760,0.000,0.000,0.000,0.000,0.270,0.000,0.000,0.000,0.000,0.000,0.077,0.000,0.000,0.000,0.000,0.207,0.000,0.207,0.000,0.202,0.043,-0.109
2303,0.544,0.000,0.000,0.169,0.000,0.000,0.000,0.000,0.092,0.000,0.000,0.240,0.000,0.000,0.000,0.570,0.000,0.000,0.372,0.208,0.075,0.000,0.017,0.000,0.000,0.000,0.760,0.000,0.000,0.000,0.000,0.270,0.000,0.000,0.000,0.000,0.000,0.121,0.000,0.000,0.000,0.000,0.165,0.000,0.165,0.000,0.161,0.043,-0.109
2304,0.523,0.000,0.000,0.249,0.000,0.000,0.000,0.000,0.135,0.000,0.370,0.247,0.000,0.000,0.000,0.258,0.000,0.045,0.298,0.212,0.035,0.000,0.004,0.000,0.000,0.000,0.380,0.000,0.000,0.000,0.000,0.271,0.000,0.000,0.000,0.000,0.000,0.213,0.000,0.000,0.000,0.000,0.143,0.000,0.143,0.000,0.240,0.043,-0.109
2305,0.501,0.000,0.000,0.327,0.000,0.000,0.000,0.000,0.177,0.000,0.569,0.258,0.000,0.000,0.000,0.000,0.000,0.092,0.324,0.266,0.000,0.000,0.000,0.000,0.000,0.000,0.000,0.000,0.000,0.000,0.000,0.272,0.000,0.000,0.000,0.000,0.000,0.335,0.000,0.000,0.000,0.000,0.131,0.000,0.131,0.000,0.329,-0.104,-0.109
2306,0.483,0.000,0.000,0.397,0.000,0.000,0.000,0.000,0.215,0.000,0.575,0.263,0.000,0.000,0.000,0.000,0.000,0.090,0.330,0.266,0.000,0.000,0.000,0.000,0.000,0.000,0.000,0.000,0.000,0.000,0.000,0.272,0.000,0.000,0.000,0.000,0.000,0.472,0.000,0.000,0.000,0.000,0.149,0.000,0.149,0.000,0.347,-0.426,-0.109
2307,0.468,0.000,0.000,0.450,0.000,0.000,0.000,0.000,0.244,0.000,0.581,0.268,0.000,0.000,0.000,0.000,0.000,0.079,0.336,0.266,0.000,0.000,0.000,0.000,0.000,0.000,0.000,0.000,0.000,0.000,0.000,0.273,0.000,0.000,0.000,0.000,0.000,0.606,0.000,0.000,0.000,0.000,0.164,0.000,0.164,0.000,0.362,-0.749,-0.108
2308,0.460,0.000,0.000,0.480,0.000,0.000,0.000,0.000,0.260,0.000,0.589,0.276,0.000,0.000,0.000,0.000,0.000,0.064,0.344,0.266,0.000,0.000,0.000,0.000,0.000,0.000,0.000,0.000,0.000,0.000,0.000,0.273,0.000,0.000,0.000,0.000,0.000,0.721,0.000,0.000,0.000,0.000,0.188,0.000,0.188,0.000,0.384,-0.895,-0.108
2309,0.456,0.000,0.000,0.494,0.000,0.000,0.000,0.000,0.268,0.000,0.582,0.292,0.000,0.000,0.000,0.000,0.000,0.055,0.309,0.221,0.000,0.000,0.000,0.000,0.000,0.000,0.000,0.000,0.000,0.000,0.000,0.272,0.000,0.000,0.000,0.000,0.000,0.800,0.000,0.000,0.000,0.000,0.233,0.000,0.233,0.000,0.395,-0.781,-0.108
2310,0.453,0.000,0.000,0.506,0.000,0.000,0.000,0.000,0.275,0.000,0.427,0.312,0.000,0.000,0.000,0.000,0.000,0.052,0.223,0.128,0.000,0.000,0.000,0.000,0.000,0.000,0.000,0.000,0.000,0.000,0.000,0.270,0.000,0.000,0.000,0.000,0.000,0.827,0.000,0.000,0.000,0.000,0.272,0.000,0.272,0.000,0.362,-0.496,-0.107
2311,0.451,0.000,0.000,0.515,0.000,0.000,0.000,0.000,0.281,0.000,0.222,0.323,0.000,0.000,0.000,0.000,0.000,0.052,0.143,0.050,0.000,0.000,0.000,0.000,0.000,0.000,0.000,0.000,0.000,0.000,0.000,0.267,0.000,0.000,0.000,0.000,0.000,0.759,0.000,0.000,0.000,0.000,0.269,0.000,0.269,0.000,0.300,-0.125,-0.107
2312,0.449,0.000,0.000,0.522,0.000,0.000,0.000,0.000,0.286,0.000,0.103,0.305,0.000,0.000,0.000,0.128,0.000,0.038,0.136,0.018,0.000,0.000,0.000,0.000,0.000,0.000,0.000,0.000,0.000,0.000,0.000,0.264,0.000,0.000,0.000,0.000,0.000,0.599,0.000,0.000,0.000,0.000,0.254,0.000,0.254,0.000,0.258,0.246,-0.106
2313,0.448,0.000,0.000,0.527,0.000,0.000,0.000,0.000,0.290,0.000,0.027,0.269,0.000,0.000,0.000,0.309,0.000,0.013,0.196,0.025,0.000,0.000,0.000,0.000,0.000,0.000,0.000,0.000,0.000,0.000,0.000,0.260,0.000,0.000,0.000,0.000,0.000,0.395,0.000,0.000,0.000,0.000,0.251,0.000,0.251,0.000,0.245,0.532,-0.106
2314,0.447,0.000,0.000,0.531,0.000,0.000,0.000,0.000,0.294,0.000,0.000,0.252,0.000,0.000,0.000,0.381,0.000,0.000,0.218,0.041,0.000,0.000,0.000,0.000,0.000,0.000,0.000,0.000,0.000,0.000,0.000,0.255,0.000,0.000,0.000,0.000,0.000,0.195,0.000,0.000,0.000,0.000,0.252,0.000,0.252,0.000,0.245,0.646,-0.105
2315,0.447,0.000,0.000,0.533,0.000,0.000,0.000,0.000,0.296,0.000,0.000,0.255,0.000,0.000,0.000,0.622,0.000,0.000,0.306,0.108,0.033,0.000,0.004,0.000,0.000,0.000,0.000,0.000,0.000,0.000,0.000,0.251,0.000,0.000,0.000,0.000,0.000,0.047,0.000,0.000,0.000,0.000,0.263,0.000,0.263,0.000,0.256,0.646,-0.104
2316,0.448,0.000,0.000,0.533,0.000,0.000,0.000,0.000,0.298,0.000,0.000,0.259,0.000,0.000,0.000,0.817,0.000,0.000,0.417,0.209,0.070,0.000,0.015,0.000,0.000,0.000,0.000,0.000,0.000,0.000,0.000,0.246,0.000,0.000,0.000,0.000,0.000,0.000,0.000,0.000,0.000,0.000,0.228,0.000,0.228,0.000,0.221,0.647,-0.104
2317,0.448,0.000,0.000,0.532,0.000,0.000,0.000,0.000,0.299,0.000,0.000,0.263,0.000,0.000,0.000,0.541,0.000,0.000,0.297,0.183,0.067,0.000,0.168,0.195,0.165,0.000,0.230,0.000,0.000,0.000,0.000,0.241,0.000,0.000,0.000,0.000,0.000,0.061,0.000,0.000,0.000,0.000,0.184,0.000,0.184,0.000,0.179,0.648,-0.103
2318,0.449,0.000,0.000,0.530,0.000,0.000,0.000,0.000,0.300,0.000,0.000,0.267,0.000,0.000,0.000,0.305,0.000,0.000,0.228,0.173,0.065,0.000,0.321,0.390,0.330,0.000,0.460,0.000,0.000,0.000,0.000,0.236,0.000,0.000,0.000,0.000,0.000,0.191,0.000,0.000,0.000,0.000,0.190,0.000,0.190,0.000,0.185,0.648,-0.102
2319,0.450,0.000,0.000,0.527,0.000,0.000,0.000,0.000,0.299,0.000,0.000,0.270,0.000,0.000,0.000,0.305,0.000,0.000,0.228,0.173,0.065,0.000,0.273,0.329,0.278,0.000,0.388,0.000,0.000,0.000,0.000,0.232,0.000,0.000,0.000,0.000,0.000,0.367,0.000,0.000,0.000,0.000,0.166,0.000,0.166,0.000,0.162,0.649,-0.101
2320,0.452,0.000,0.000,0.523,0.000,0.000,0.000,0.000,0.299,0.000,0.000,0.274,0.000,0.000,0.000,0.305,0.000,0.000,0.228,0.173,0.065,0.000,0.167,0.195,0.165,0.000,0.230,0.000,0.000,0.000,0.000,0.228,0.000,0.000,0.000,0.000,0.000,0.564,0.000,0.000,0.000,0.000,0.114,0.000,0.114,0.000,0.111,0.650,-0.100
2321,0.453,0.000,0.000,0.518,0.000,0.000,0.000,0.000,0.297,0.000,0.000,0.276,0.000,0.000,0.000,0.305,0.000,0.000,0.228,0.173,0.065,0.000,0.061,0.061,0.052,0.000,0.072,0.000,0.000,0.000,0.000,0.225,0.000,0.000,0.000,0.000,0.000,0.758,0.000,0.000,0.000,0.000,0.061,0.000,0.061,0.000,0.059,0.650,-0.099
2322,0.455,0.000,0.000,0.513,0.000,0.000,0.000,0.000,0.295,0.000,0.000,0.278,0.000,0.000,0.000,0.305,0.000,0.000,0.228,0.173,0.065,0.000,0.013,0.000,0.000,0.000,0.000,0.000,0.000,0.000,0.000,0.222,0.000,0.000,0.000,0.000,0.000,0.927,0.000,0.000,0.000,0.000,0.037,0.000,0.037,0.000,0.036,0.651,-0.098
2323,0.456,0.000,0.000,0.508,0.000,0.000,0.000,0.000,0.293,0.000,0.000,0.280,0.000,0.000,0.000,0.305,0.000,0.000,0.228,0.173,0.065,0.000,0.013,0.000,0.000,0.000,0.000,0.000,0.000,0.000,0.000,0.221,0.000,0.000,0.000,0.000,0.000,1.000,0.000,0.000,0.000,0.000,0.037,0.000,0.037,0.000,0.036,0.652,-0.097
2324,0.457,0.000,0.000,0.503,0.000,0.000,0.000,0.000,0.290,0.000,0.000,0.280,0.000,0.000,0.000,0.305,0.000,0.000,0.228,0.173,0.065,0.000,0.013,0.000,0.000,0.000,0.000,0.000,0.000,0.000,0.000,0.220,0.000,0.000,0.000,0.000,0.000,1.000,0.000,0.000,0.000,0.000,0.037,0.000,0.037,0.000,0.036,0.653,-0.095
2325,0.459,0.000,0.000,0.498,0.000,0.000,0.000,0.000,0.287,0.000,0.000,0.280,0.000,0.000,0.000,0.305,0.000,0.000,0.228,0.173,0.065,0.000,0.013,0.000,0.000,0.000,0.000,0.000,0.000,0.000,0.000,0.220,0.000,0.000,0.000,0.000,0.000,1.000,0.000,0.000,0.000,0.000,0.037,0.000,0.037,0.000,0.036,0.654,-0.094
2326,0.460,0.000,0.000,0.493,0.000,0.000,0.000,0.000,0.283,0.000,0.000,0.280,0.000,0.000,0.000,0.305,0.000,0.000,0.228,0.173,0.065,0.000,0.013,0.000,0.000,0.000,0.000,0.000,0.000,0.000,0.000,0.220,0.000,0.000,0.000,0.000,0.000,1.000,0.000,0.000,0.000,0.000,0.037,0.000,0.037,0.000,0.036,0.655,-0.093
2327,0.461,0.000,0.000,0.489,0.000,0.000,0.000,0.000,0.279,0.000,0.000,0.280,0.000,0.000,0.000,0.305,0.000,0.000,0.228,0.173,0.065,0.000,0.013,0.000,0.000,0.000,0.000,0.000,0.000,0.000,0.000,0.220,0.000,0.000,0.000,0.000,0.000,1.000,0.000,0.000,0.000,0.000,0.037,0.000,0.037,0.000,0.036,0.657,-0.091
2328,0.461,0.000,0.000,0.485,0.000,0.000,0.000,0.000,0.275,0.000,0.000,0.280,0.000,0.000,0.000,0.305,0.000,0.000,0.228,0.173,0.065,0.000,0.013,0.000,0.000,0.000,0.000,0.000,0.000,0.000,0.000,0.220,0.000,0.000,0.000,0.000,0.000,1.000,0.000,0.000,0.000,0.000,0.037,0.000,0.037,0.000,0.036,0.658,-0.090
2329,0.461,0.000,0.000,0.483,0.000,0.000,0.000,0.000,0.270,0.000,0.000,0.280,0.000,0.000,0.000,0.305,0.000,0.000,0.228,0.173,0.065,0.000,0.013,0.000,0.000,0.000,0.000,0.000,0.000,0.000,0.000,0.220,0.000,0.000,0.000,0.000,0.000,1.000,0.000,0.000,0.000,0.000,0.037,0.000,0.037,0.000,0.036,0.659,-0.088
2330,0.461,0.000,0.000,0.481,0.000,0.000,0.000,0.000,0.265,0.000,0.000,0.280,0.000,0.000,0.000,0.305,0.000,0.000,0.228,0.173,0.065,0.000,0.013,0.000,0.000,0.000,0.000,0.000,0.000,0.000,0.000,0.220,0.000,0.000,0.000,0.000,0.000,1.000,0.000,0.000,0.000,0.000,0.037,0.000,0.037,0.000,0.036,0.661,-0.086
2331,0.460,0.000,0.000,0.480,0.000,0.000,0.000,0.000,0.260,0.000,0.000,0.280,0.000,0.000,0.000,0.305,0.000,0.000,0.228,0.173,0.065,0.000,0.013,0.000,0.000,0.000,0.000,0.000,0.000,0.000,0.000,0.220,0.000,0.000,0.000,0.000,0.000,1.000,0.000,0.000,0.000,0.000,0.037,0.000,0.037,0.000,0.036,0.663,-0.085
2332,0.459,0.000,0.000,0.480,0.000,0.000,0.000,0.000,0.254,0.000,0.000,0.280,0.000,0.000,0.000,0.305,0.000,0.000,0.228,0.173,0.065,0.000,0.013,0.000,0.000,0.000,0.000,0.000,0.000,0.000,0.000,0.220,0.000,0.000,0.000,0.000,0.000,1.000,0.000,0.000,0.000,0.000,0.037,0.000,0.037,0.000,0.036,0.664,-0.083
2333,0.457,0.000,0.000,0.480,0.000,0.000,0.000,0.000,0.247,0.000,0.000,0.280,0.000,0.000,0.000,0.305,0.000,0.000,0.228,0.173,0.065,0.000,0.013,0.000,0.000,0.000,0.000,0.000,0.000,0.000,0.000,0.220,0.000,0.000,0.000,0.000,0.000,1.000,0.000,0.000,0.000,0.000,0.037,0.000,0.037,0.000,0.036,0.666,-0.081
2334,0.454,0.000,0.000,0.480,0.000,0.000,0.000,0.000,0.239,0.000,0.000,0.280,0.000,0.000,0.000,0.305,0.000,0.000,0.228,0.173,0.065,0.000,0.013,0.000,0.000,0.000,0.000,0.000,0.000,0.000,0.000,0.220,0.000,0.000,0.000,0.000,0.000,1.000,0.000,0.000,0.000,0.000,0.037,0.000,0.037,0.000,0.036,0.668,-0.079
2335,0.451,0.000,0.000,0.480,0.000,0.000,0.000,0.000,0.230,0.000,0.000,0.280,0.000,0.000,0.000,0.305,0.000,0.000,0.228,0.173,0.065,0.000,0.013,0.000,0.000,0.000,0.000,0.000,0.000,0.000,0.000,0.220,0.000,0.000,0.000,0.000,0.000,1.000,0.000,0.000,0.000,0.000,0.037,0.000,0.037,0.000,0.036,0.670,-0.077
2336,0.448,0.000,0.000,0.480,0.000,0.000,0.000,0.000,0.220,0.000,0.000,0.280,0.000,0.000,0.000,0.305,0.000,0.000,0.228,0.173,0.065,0.000,0.013,0.000,0.000,0.000,0.000,0.000,0.000,0.000,0.000,0.220,0.000,0.000,0.000,0.000,0.000,1.000,0.000,0.000,0.000,0.000,0.037,0.000,0.037,0.000,0.036,0.672,-0.075
2337,0.444,0.000,0.000,0.479,0.000,0.000,0.000,0.000,0.209,0.000,0.000,0.280,0.000,0.000,0.000,0.305,0.000,0.000,0.228,0.173,0.065,0.000,0.013,0.000,0.000,0.000,0.000,0.000,0.000,0.000,0.000,0.220,0.000,0.000,0.000,0.000,0.000,1.000,0.000,0.000,0.000,0.000,0.037,0.000,0.037,0.000,0.036,0.675,-0.073
2338,0.441,0.000,0.000,0.479,0.000,0.000,0.000,0.000,0.197,0.000,0.000,0.280,0.000,0.000,0.000,0.305,0.000,0.000,0.228,0.173,0.065,0.000,0.013,0.000,0.000,0.000,0.000,0.000,0.000,0.000,0.000,0.220,0.000,0.000,0.000,0.000,0.000,1.000,0.000,0.000,0.000,0.000,0.037,0.000,0.037,0.000,0.036,0.677,-0.071
2339,0.437,0.000,0.000,0.479,0.000,0.000,0.000,0.000,0.185,0.000,0.000,0.280,0.000,0.000,0.000,0.305,0.000,0.000,0.228,0.173,0.065,0.000,0.013,0.000,0.000,0.000,0.000,0.000,0.000,0.000,0.000,0.220,0.000,0.000,0.000,0.000,0.000,1.000,0.000,0.000,0.000,0.000,0.037,0.000,0.037,0.000,0.036,0.680,-0.068
2340,0.433,0.000,0.000,0.479,0.000,0.000,0.000,0.000,0.173,0.000,0.000,0.280,0.000,0.000,0.000,0.305,0.000,0.000,0.228,0.173,0.065,0.000,0.013,0.000,0.000,0.000,0.000,0.000,0.000,0.000,0.000,0.220,0.000,0.000,0.000,0.000,0.000,1.000,0.000,0.000,0.000,0.000,0.037,0.000,0.037,0.000,0.036,0.683,-0.066
2341,0.430,0.000,0.000,0.479,0.000,0.000,0.000,0.000,0.160,0.000,0.000,0.280,0.000,0.000,0.000,0.305,0.000,0.000,0.228,0.173,0.065,0.000,0.013,0.000,0.000,0.000,0.000,0.000,0.000,0.000,0.000,0.220,0.000,0.000,0.000,0.000,0.000,1.000,0.000,0.000,0.000,0.000,0.037,0.000,0.037,0.000,0.036,0.686,-0.063
2342,0.427,0.000,0.000,0.479,0.000,0.000,0.000,0.000,0.147,0.000,0.000,0.280,0.000,0.000,0.000,0.305,0.000,0.000,0.228,0.173,0.065,0.000,0.013,0.000,0.000,0.000,0.000,0.000,0.000,0.000,0.000,0.220,0.000,0.000,0.000,0.000,0.000,1.000,0.000,0.000,0.000,0.000,0.037,0.000,0.037,0.000,0.036,0.689,-0.061
2343,0.424,0.000,0.000,0.479,0.000,0.000,0.000,0.000,0.134,0.000,0.000,0.280,0.000,0.000,0.000,0.305,0.000,0.000,0.228,0.173,0.065,0.000,0.013,0.000,0.000,0.000,0.000,0.000,0.000,0.000,0.000,0.220,0.000,0.000,0.000,0.000,0.000,1.000,0.000,0.000,0.000,0.000,0.037,0.000,0.037,0.000,0.036,0.693,-0.058
2344,0.422,0.000,0.000,0.479,0.000,0.000,0.000,0.000,0.121,0.000,0.000,0.280,0.000,0.000,0.000,0.305,0.000,0.000,0.228,0.173,0.065,0.000,0.013,0.000,0.000,0.000,0.000,0.000,0.000,0.000,0.000,0.220,0.000,0.000,0.000,0.000,0.000,1.000,0.000,0.000,0.000,0.000,0.037,0.000,0.037,0.000,0.036,0.697,-0.055
2345,0.420,0.000,0.000,0.478,0.000,0.000,0.000,0.000,0.108,0.000,0.000,0.280,0.000,0.000,0.000,0.305,0.000,0.000,0.228,0.173,0.065,0.000,0.013,0.000,0.000,0.000,0.000,0.000,0.000,0.000,0.000,0.220,0.000,0.000,0.000,0.000,0.000,1.000,0.000,0.000,0.000,0.000,0.037,0.000,0.037,0.000,0.036,0.701,-0.053
