,faceMuscles.frontalis,faceMuscles.currogator,faceMuscles.medFrontalis,faceMuscles.orbOculi,faceMuscles.orbOculi_L,faceMuscles.orbOculi_R,faceMuscles.orbOculi_out,faceMuscles.latFrontalis,faceMuscles.latFrontalis_L,faceMuscles.latFrontalis_R,faceMuscles.LabInf,faceMuscles.zygomatic,faceMuscles.labSup,faceMuscles.labSup_AN,faceMuscles.triangularis,faceMuscles.incisivus,faceMuscles.mentalis,faceMuscles.risoriusPlatysma,faceMuscles.orbOris_loose_lo,faceMuscles.orbOris_loose_hi,faceMuscles.orbOris_tight_lo,faceMuscles.orbOris_tight_hi,faceMuscles.orbOri0s_tight_hi2,faceMuscles.orbOris_tight_lo2,faceMuscles.mouthClose,faceMuscles.orbOculi_lo,faceMuscles.buccinator,faceMuscles.orbOculi_lo_L,faceMuscles.orbOculi_lo_R,faceMuscles.labSup_L,faceMuscles.labSup_R,faceMuscles.zygomatic_L,faceMuscles.zygomatic_R,faceMuscles.risoriusPlatysma_L,faceMuscles.risoriusPlatysma_R,faceMuscles.levAnguliOris,faceMuscles.dilatorNaris,faceMuscles.Zyg_Minor,faceMuscles.mentalis_lowerLip,faceMuscles.triangularis_L,faceMuscles.triangularis_R,faceMuscles.orbOris_up_hi,faceMuscles.jawOpenComp,faceMuscles.blow,jaw.rotateZ,jaw.rotateY,jaw.translateX,blink_ctl.translateY,loBlink_ctl.translateY
2481,0.160,0.000,0.000,0.000,0.000,0.000,0.000,0.000,0.000,0.000,0.000,0.236,0.000,0.000,0.000,0.000,0.000,0.000,0.000,0.000,0.000,0.000,0.000,0.000,0.076,0.000,0.000,0.000,0.000,0.000,0.000,0.000,0.000,0.000,0.000,0.000,-0.063,0.000,0.000,0.000,0.000,0.000,0.085,0.000,0.085,0.000,0.082,0.000,0.000
2482,0.184,0.000,0.000,-0.000,0.000,0.000,0.000,0.000,0.000,0.000,0.000,0.230,0.000,0.000,0.000,0.000,0.000,0.000,0.000,0.000,0.000,0.000,0.000,0.000,0.076,0.000,0.000,0.000,0.000,0.000,0.000,0.000,0.000,0.000,0.000,0.000,-0.063,0.000,0.000,0.000,0.000,0.000,0.082,0.000,0.082,0.000,0.080,0.000,0.000
2483,0.233,0.000,0.000,-0.001,0.000,0.000,0.000,0.000,0.000,0.000,0.000,0.220,0.000,0.000,0.000,0.000,0.000,0.000,0.000,0.000,0.000,0.000,0.000,0.000,0.077,0.000,0.000,0.000,0.000,0.000,0.000,0.000,0.000,0.000,0.000,0.000,-0.063,0.000,0.000,0.000,0.000,0.000,0.078,0.000,0.078,0.000,0.076,0.000,0.000
2484,0.291,0.000,0.000,-0.001,0.000,0.000,0.000,0.000,0.000,0.000,0.000,0.207,0.000,0.000,0.000,0.000,0.000,0.000,0.000,0.000,0.000,0.000,0.000,0.000,0.080,0.000,0.000,0.000,0.000,0.000,0.000,0.000,0.000,0.000,0.000,0.000,-0.063,0.000,0.000,0.000,0.000,0.000,0.073,0.000,0.073,0.000,0.071,0.000,0.000
2485,0.342,0.000,0.000,-0.002,0.000,0.000,0.000,0.000,0.000,0.000,0.000,0.191,0.000,0.000,0.000,0.000,0.000,0.000,0.000,0.000,0.000,0.000,0.000,0.000,0.084,0.000,0.000,0.000,0.000,0.000,0.000,0.000,0.000,0.000,0.000,0.000,-0.064,0.000,0.000,0.000,0.000,0.000,0.067,0.000,0.067,0.000,0.065,0.000,0.000
2486,0.370,0.000,0.000,-0.003,0.000,0.000,0.000,0.000,0.000,0.000,0.000,0.173,0.000,0.000,0.000,0.000,0.000,0.000,0.000,0.000,0.000,0.000,0.000,0.000,0.092,0.000,0.000,0.000,0.000,0.000,0.000,0.000,0.000,0.000,0.000,0.000,-0.064,0.000,0.000,0.000,0.000,0.000,0.062,0.000,0.062,0.000,0.060,0.000,0.000
2487,0.380,0.000,0.000,-0.005,0.000,0.000,0.000,0.000,0.000,0.000,0.000,0.155,0.000,0.000,0.000,0.000,0.000,0.000,0.000,0.000,0.000,0.000,0.000,0.000,0.108,0.000,0.000,0.000,0.000,0.000,0.000,0.000,0.000,0.000,0.000,0.000,-0.065,0.000,0.000,0.000,0.000,0.000,0.056,0.000,0.056,0.000,0.055,0.000,0.000
2488,0.389,0.000,0.000,-0.006,0.000,0.000,0.000,0.000,0.000,0.000,0.000,0.135,0.000,0.000,0.000,0.000,0.000,0.000,0.000,0.000,0.000,0.000,0.000,0.000,0.143,0.000,0.000,0.000,0.000,0.000,0.000,0.000,0.000,0.000,0.000,0.000,-0.065,0.000,0.000,0.000,0.000,0.000,0.051,0.000,0.051,0.000,0.049,0.000,0.000
2489,0.396,0.000,0.000,-0.008,0.000,0.000,0.000,0.000,0.000,0.000,0.000,0.115,0.000,0.000,0.000,0.000,0.000,0.000,0.000,0.000,0.000,0.000,0.000,0.000,0.187,0.000,0.000,0.000,0.000,0.000,0.000,0.000,0.000,0.000,0.000,0.000,-0.065,0.000,0.000,0.000,0.000,0.000,0.044,0.000,0.044,0.000,0.043,0.000,0.000
2490,0.401,0.000,0.000,-0.010,0.000,0.000,0.000,0.000,0.000,0.000,0.000,0.095,0.000,0.000,0.000,0.000,0.000,0.000,0.000,0.000,0.000,0.000,0.000,0.000,0.212,0.000,0.000,0.000,0.000,0.000,0.000,0.000,0.000,0.000,0.000,0.000,-0.065,0.000,0.000,0.000,0.000,0.000,0.038,0.000,0.038,0.000,0.037,0.000,0.000
2491,0.405,0.000,0.000,-0.011,0.000,0.000,0.000,0.000,0.000,0.000,0.000,0.077,0.000,0.000,0.000,0.000,0.000,0.000,0.000,0.000,0.000,0.000,0.000,0.000,0.219,0.000,0.000,0.000,0.000,0.000,0.000,0.000,0.000,0.000,0.000,0.000,-0.065,0.000,0.000,0.000,0.000,0.000,0.032,0.000,0.032,0.000,0.031,0.000,0.000
2492,0.409,0.000,0.000,-0.013,0.000,0.000,0.000,0.000,0.000,0.000,0.000,0.060,0.000,0.000,0.000,0.000,0.000,0.000,0.000,0.000,0.000,0.000,0.000,0.000,0.224,0.000,0.000,0.000,0.000,0.000,0.000,0.000,0.000,0.000,0.000,0.000,-0.065,0.000,0.000,0.000,0.000,0.000,0.026,0.000,0.026,0.000,0.025,0.000,0.000
2493,0.411,0.000,0.000,-0.015,0.000,0.000,0.000,0.000,0.000,0.000,0.000,0.060,0.000,0.000,0.000,0.000,0.000,0.000,0.000,0.000,0.000,0.000,0.000,0.000,0.227,0.000,0.000,0.000,0.000,0.000,0.000,0.000,0.000,0.000,0.000,0.000,-0.064,0.000,0.000,0.000,0.000,0.000,0.022,0.000,0.022,0.000,0.021,0.000,0.000
2494,0.412,0.000,0.000,-0.017,0.000,0.000,0.000,0.000,0.000,0.000,0.000,0.060,0.000,0.000,0.000,0.000,0.000,0.000,0.000,0.000,0.000,0.000,0.000,0.000,0.228,0.000,0.000,0.000,0.000,0.000,0.000,0.000,0.000,0.000,0.000,0.000,-0.063,0.000,0.000,0.000,0.000,0.000,0.020,0.000,0.020,0.000,0.019,0.000,0.000
2495,0.413,0.000,0.000,-0.019,0.000,0.000,0.000,0.000,0.000,0.000,0.000,0.060,0.000,0.000,0.000,0.000,0.000,0.000,0.000,0.000,0.000,0.000,0.000,0.000,0.228,0.000,0.000,0.000,0.000,0.000,0.000,0.000,0.000,0.000,0.000,0.000,-0.062,0.000,0.000,0.000,0.000,0.000,0.019,0.000,0.019,0.000,0.018,0.000,0.000
2496,0.413,0.000,0.000,-0.021,0.000,0.000,0.000,0.000,0.000,0.000,0.000,0.060,0.000,0.000,0.000,0.000,0.000,0.000,0.000,0.000,0.000,0.000,0.000,0.000,0.227,0.000,0.000,0.000,0.000,0.000,0.000,0.000,0.000,0.000,0.000,0.000,-0.061,0.000,0.000,0.000,0.000,0.000,0.018,0.000,0.018,0.000,0.018,0.000,0.000
2497,0.413,0.000,0.000,-0.022,0.000,0.000,0.000,0.000,0.000,0.000,0.000,0.060,0.000,0.000,0.000,0.000,0.000,0.000,0.000,0.000,0.000,0.000,0.000,0.000,0.226,0.000,0.000,0.000,0.000,0.000,0.000,0.000,0.000,0.000,0.000,0.000,-0.059,0.000,0.000,0.000,0.000,0.000,0.018,0.000,0.018,0.000,0.017,0.000,0.000
2498,0.413,0.000,0.000,-0.024,0.000,0.000,0.000,0.000,0.000,0.000,0.000,0.060,0.000,0.000,0.000,0.000,0.000,0.000,0.000,0.000,0.000,0.000,0.000,0.000,0.224,0.000,0.000,0.000,0.000,0.000,0.000,0.000,0.000,0.000,0.000,0.000,-0.056,0.000,0.000,0.000,0.000,0.000,0.018,0.000,0.018,0.000,0.017,0.000,0.000
2499,0.413,0.000,0.000,-0.025,0.000,0.000,0.000,0.000,0.000,0.000,0.000,0.060,0.000,0.000,0.000,0.000,0.000,0.000,0.000,0.000,0.000,0.000,0.000,0.000,0.223,0.000,0.000,0.000,0.000,0.000,0.000,0.000,0.000,0.000,0.000,0.000,-0.052,0.000,0.000,0.000,0.000,0.000,0.017,0.000,0.017,0.000,0.016,0.000,0.000
2500,0.412,0.000,0.000,-0.026,0.000,0.000,0.000,0.000,0.000,0.000,0.000,0.060,0.000,0.000,0.000,0.000,0.000,0.000,0.000,0.000,0.000,0.000,0.000,0.000,0.222,0.000,0.000,0.000,0.000,0.000,0.000,0.000,0.000,0.000,0.000,0.000,-0.047,0.000,0.000,0.000,0.000,0.000,0.017,0.000,0.017,0.000,0.016,0.000,0.000
2501,0.413,0.000,0.000,-0.027,0.000,0.000,0.000,0.000,0.000,0.000,0.000,0.060,0.000,0.000,0.000,0.000,0.000,0.000,0.000,0.000,0.000,0.000,0.000,0.000,0.222,0.000,0.000,0.000,0.000,0.000,0.000,0.000,0.000,0.000,0.000,0.000,-0.039,0.000,0.000,0.000,0.000,0.000,0.016,0.000,0.016,0.000,0.016,0.000,0.000
2502,0.413,0.000,0.000,-0.028,0.000,0.000,0.000,0.000,0.000,0.000,0.000,0.060,0.000,0.000,0.000,0.000,0.000,0.000,0.000,0.000,0.000,0.000,0.000,0.000,0.222,0.000,0.000,0.000,0.000,0.000,0.000,0.000,0.000,0.000,0.000,0.000,-0.043,0.000,0.000,0.000,0.000,0.000,0.016,0.000,0.016,0.000,0.015,0.000,0.000
2503,0.414,0.000,0.000,-0.029,0.000,0.000,0.000,0.000,0.000,0.000,0.000,0.060,0.000,0.000,0.000,0.000,0.000,0.000,0.000,0.000,0.000,0.000,0.000,0.000,0.222,0.000,0.000,0.000,0.000,0.000,0.000,0.000,0.000,0.000,0.000,0.000,-0.039,0.000,0.000,0.000,0.000,0.000,0.016,0.000,0.016,0.000,0.016,0.000,0.000
2504,0.416,0.000,0.000,-0.029,0.000,0.000,0.000,0.000,0.000,0.000,0.000,0.060,0.000,0.000,0.000,0.000,0.000,0.000,0.000,0.000,0.000,0.000,0.000,0.000,0.222,0.000,0.000,0.000,0.000,0.000,0.000,0.000,0.000,0.000,0.000,0.000,0.030,0.000,0.000,0.000,0.000,0.000,0.025,0.000,0.025,0.000,0.024,0.000,0.000
2505,0.417,0.000,0.000,-0.029,0.000,0.000,0.000,0.000,0.000,0.000,0.000,0.060,0.000,0.000,0.000,0.000,0.000,0.000,0.000,0.000,0.000,0.000,0.000,0.000,0.222,0.000,0.000,0.000,0.000,0.000,0.000,0.000,0.000,0.000,0.000,0.000,0.284,0.000,0.000,0.000,0.000,0.000,0.062,0.000,0.062,0.000,0.060,0.000,0.000
2506,0.417,0.000,0.000,-0.029,0.000,0.000,0.000,0.000,0.000,0.000,0.000,0.060,0.000,0.000,0.000,0.000,0.000,0.000,0.000,0.000,0.000,0.000,0.000,0.000,0.222,0.000,0.000,0.000,0.000,0.000,0.000,0.000,0.000,0.000,0.000,0.000,0.560,0.000,0.000,0.000,0.000,0.000,0.089,0.000,0.089,0.000,0.087,0.000,0.000
2507,0.417,0.000,0.000,-0.028,0.000,0.000,0.000,0.000,0.000,0.000,0.000,0.060,0.000,0.000,0.000,0.000,0.000,0.000,0.000,0.000,0.000,0.000,0.000,0.000,0.222,0.000,0.000,0.000,0.000,0.000,0.000,0.000,0.000,0.000,0.000,0.000,0.702,0.000,0.000,0.000,0.000,0.000,0.095,0.000,0.095,0.000,0.093,0.000,0.000
2508,0.420,0.000,0.000,-0.027,0.000,0.000,0.000,0.000,0.000,0.000,0.000,0.060,0.000,0.000,0.000,0.000,0.000,0.000,0.000,0.000,0.000,0.000,0.000,0.000,0.222,0.000,0.000,0.000,0.000,0.000,0.000,0.000,0.000,0.000,0.000,0.000,0.798,0.000,0.000,0.000,0.000,0.000,0.101,0.000,0.101,0.000,0.098,0.000,0.000
2509,0.445,0.000,0.000,-0.025,0.000,0.000,0.000,0.000,0.000,0.000,0.000,0.060,0.000,0.000,0.000,0.000,0.000,0.000,0.000,0.000,0.000,0.000,0.000,0.000,0.222,0.000,0.000,0.000,0.000,0.000,0.000,0.000,0.000,0.000,0.000,0.000,0.846,0.000,0.000,0.000,0.000,0.000,0.106,0.000,0.106,0.000,0.103,0.000,0.000
2510,0.497,0.000,0.000,-0.023,0.000,0.000,0.000,0.000,0.000,0.000,0.000,0.060,0.000,0.000,0.000,0.000,0.000,0.000,0.000,0.000,0.000,0.000,0.000,0.000,0.222,0.000,0.000,0.000,0.000,0.000,0.000,0.000,0.000,0.000,0.000,0.000,0.869,0.000,0.000,0.000,0.000,0.000,0.110,0.000,0.110,0.000,0.106,0.000,0.000
2511,0.552,0.000,0.000,-0.021,0.000,0.000,0.000,0.000,0.000,0.000,0.000,0.060,0.000,0.000,0.000,0.000,0.000,0.000,0.000,0.000,0.000,0.000,0.000,0.000,0.222,0.000,0.000,0.000,0.000,0.000,0.000,0.000,0.000,0.000,0.000,0.000,0.893,0.000,0.000,0.000,0.000,0.000,0.112,0.000,0.112,0.000,0.109,0.000,0.000
2512,0.588,0.000,0.000,-0.018,0.000,0.000,0.000,0.000,0.000,0.000,0.000,0.060,0.000,0.000,0.000,0.000,0.000,0.000,0.000,0.000,0.000,0.000,0.000,0.000,0.222,0.000,0.000,0.000,0.000,0.000,0.000,0.000,0.000,0.000,0.000,0.000,0.915,0.000,0.000,0.000,0.000,0.000,0.114,0.000,0.114,0.000,0.111,0.000,0.000
2513,0.603,0.000,0.000,-0.014,0.000,0.000,0.000,0.000,0.000,0.000,0.000,0.060,0.000,0.000,0.000,0.000,0.000,0.000,0.000,0.000,0.000,0.000,0.000,0.000,0.222,0.000,0.000,0.000,0.000,0.000,0.000,0.000,0.000,0.000,0.000,0.000,0.931,0.000,0.000,0.000,0.000,0.000,0.115,0.000,0.115,0.000,0.112,0.000,0.000
2514,0.613,0.000,0.000,-0.010,0.000,0.000,0.000,0.000,0.000,0.000,0.000,0.060,0.000,0.000,0.000,0.000,0.000,0.000,0.000,0.000,0.000,0.000,0.000,0.000,0.222,0.000,0.000,0.000,0.000,0.000,0.000,0.000,0.000,0.000,0.000,0.000,0.938,0.000,0.000,0.000,0.000,0.000,0.115,0.000,0.115,0.000,0.112,0.000,0.000
2515,0.617,0.000,0.000,-0.005,0.000,0.000,0.000,0.000,0.000,0.000,0.000,0.060,0.000,0.000,0.000,0.000,0.000,0.000,0.000,0.000,0.000,0.000,0.000,0.000,0.222,0.000,0.000,0.000,0.000,0.000,0.000,0.000,0.000,0.000,0.000,0.000,0.935,0.000,0.000,0.000,0.000,0.000,0.114,0.000,0.114,0.000,0.110,0.000,0.000
2516,0.618,0.000,0.000,0.000,0.000,0.000,0.000,0.000,0.000,0.000,0.000,0.060,0.000,0.000,0.000,0.000,0.000,0.000,0.000,0.000,0.000,0.000,0.000,0.000,0.222,0.000,0.000,0.000,0.000,0.000,0.000,0.000,0.000,0.000,0.000,0.000,0.918,0.000,0.000,0.000,0.000,0.000,0.111,0.000,0.111,0.000,0.108,0.000,0.000
2517,0.616,0.000,0.000,0.016,0.000,0.000,0.000,0.000,0.000,0.000,0.000,0.060,0.000,0.000,0.000,0.000,0.000,0.000,0.000,0.000,0.000,0.000,0.000,0.000,0.222,0.000,0.000,0.000,0.000,0.000,0.000,0.000,0.000,0.000,0.000,0.000,0.883,0.000,0.000,0.000,0.000,0.000,0.107,0.000,0.107,0.000,0.104,0.000,0.000
2518,0.612,0.000,0.000,0.048,0.000,0.000,0.000,0.000,0.000,0.000,0.000,0.060,0.000,0.000,0.000,0.000,0.000,0.000,0.000,0.000,0.000,0.000,0.000,0.000,0.222,0.000,0.000,0.000,0.000,0.000,0.000,0.000,0.000,0.000,0.000,0.000,0.829,0.000,0.000,0.000,0.000,0.000,0.082,0.000,0.082,0.000,0.079,0.000,0.000
2519,0.609,0.000,0.000,0.090,0.000,0.000,0.000,0.000,0.000,0.000,0.000,0.060,0.000,0.000,0.000,0.000,0.000,0.000,0.000,0.000,0.000,0.000,0.000,0.000,0.222,0.000,0.000,0.000,0.000,0.000,0.000,0.000,0.000,0.000,0.000,0.000,0.687,0.000,0.000,0.000,0.000,0.000,0.038,0.000,0.038,0.000,0.037,0.000,0.000
2520,0.602,0.000,0.000,0.139,0.000,0.000,0.000,0.000,0.000,0.000,0.000,0.060,0.000,0.000,0.000,0.000,0.000,0.000,0.000,0.000,0.000,0.000,0.000,0.000,0.222,0.000,0.000,0.000,0.000,0.000,0.000,0.000,0.000,0.000,0.000,0.000,0.446,0.000,0.000,0.000,0.000,0.000,0.006,0.000,0.006,0.000,0.005,0.000,0.000
2521,0.584,0.000,0.000,0.187,0.000,0.000,0.000,0.000,0.000,0.000,0.000,0.060,0.000,0.000,0.000,0.000,0.000,0.000,0.000,0.000,0.000,0.000,0.000,0.000,0.222,0.000,0.000,0.000,0.000,0.000,0.000,0.000,0.000,0.000,0.000,0.000,0.189,0.000,0.000,0.000,0.000,0.000,0.000,0.000,-0.000,0.000,-0.000,0.000,0.000
2522,0.546,0.000,0.000,0.230,0.000,0.000,0.000,0.000,0.000,0.000,0.000,0.060,0.000,0.000,0.000,0.000,0.000,0.000,0.000,0.000,0.000,0.000,0.000,0.000,0.222,0.000,0.000,0.000,0.000,0.000,0.000,0.000,0.000,0.000,0.000,0.000,0.000,0.000,0.000,0.000,0.000,0.000,0.000,0.000,-0.000,0.000,-0.000,0.000,0.000
2523,0.489,0.000,0.000,0.230,0.000,0.000,0.000,0.000,0.000,0.000,0.000,0.060,0.000,0.000,0.000,0.000,0.000,0.000,0.000,0.000,0.000,0.000,0.000,0.000,0.222,0.000,0.000,0.000,0.000,0.000,0.000,0.000,0.000,0.000,0.000,0.000,-0.070,0.000,0.000,0.000,0.000,0.000,0.003,0.000,0.003,0.000,0.003,0.000,0.000
2524,0.414,0.000,0.000,0.230,0.000,0.000,0.000,0.000,0.000,0.000,0.000,0.060,0.000,0.000,0.000,0.000,0.000,0.000,0.000,0.000,0.000,0.000,0.000,0.000,0.222,0.000,0.000,0.000,0.000,0.000,0.000,0.000,0.000,0.000,0.000,0.000,-0.069,0.000,0.000,0.000,0.000,0.000,0.008,0.000,0.008,0.000,0.007,0.000,0.000
2525,0.317,0.000,0.000,0.230,0.000,0.000,0.000,0.000,0.000,0.000,0.000,0.060,0.000,0.000,0.000,0.000,0.000,0.000,0.000,0.000,0.000,0.000,0.000,0.000,0.222,0.000,0.000,0.000,0.000,0.000,0.000,0.000,0.000,0.000,0.000,0.000,-0.061,0.000,0.000,0.000,0.000,0.000,0.014,0.000,0.014,0.000,0.013,0.000,0.000
2526,0.171,0.000,0.000,0.230,0.000,0.000,0.000,0.000,0.000,0.000,0.000,0.060,0.000,0.000,0.000,0.000,0.000,0.000,0.000,0.000,0.000,0.000,0.000,0.000,0.222,0.000,0.000,0.000,0.000,0.000,0.000,0.000,0.000,0.000,0.000,0.000,-0.069,0.000,0.000,0.000,0.000,0.000,0.019,0.000,0.019,0.000,0.018,0.000,0.000
2527,0.000,0.000,0.000,0.230,0.000,0.000,0.000,0.000,0.000,0.000,0.000,0.060,0.000,0.000,0.000,0.000,0.000,0.000,0.000,0.000,0.000,0.000,0.000,0.000,0.222,0.000,0.000,0.000,0.000,0.000,0.000,0.000,0.000,0.000,0.000,0.000,-0.074,0.000,0.000,0.000,0.000,0.000,0.021,0.000,0.021,0.000,0.020,0.000,0.000
2528,0.000,0.000,0.000,0.230,0.000,0.000,0.000,0.000,0.000,0.000,0.000,0.060,0.000,0.000,0.000,0.000,0.000,0.000,0.000,0.000,0.000,0.000,0.000,0.000,0.222,0.000,0.000,0.000,0.000,0.000,0.000,0.000,0.000,0.000,0.000,0.000,-0.077,0.000,0.000,0.000,0.000,0.000,0.022,0.000,0.022,0.000,0.021,0.000,0.000
2529,0.000,0.000,0.000,0.230,0.000,0.000,0.000,0.000,0.000,0.000,0.000,0.060,0.000,0.000,0.000,0.000,0.000,0.000,0.000,0.000,0.000,0.000,0.000,0.000,0.222,0.000,0.000,0.000,0.000,0.000,0.000,0.000,0.000,0.000,0.000,0.000,-0.080,0.000,0.000,0.000,0.000,0.000,0.027,0.000,0.027,0.000,0.026,0.000,0.000
2530,0.000,0.000,0.000,0.230,0.000,0.000,0.000,0.000,0.000,0.000,0.000,0.060,0.000,0.000,0.000,0.000,0.000,0.000,0.000,0.000,0.000,0.000,0.000,0.000,0.222,0.000,0.000,0.000,0.000,0.000,0.000,0.000,0.000,0.000,0.000,0.000,-0.083,0.000,0.000,0.000,0.000,0.000,0.044,0.000,0.044,0.000,0.042,0.000,0.000
2531,0.000,0.000,0.000,0.230,0.000,0.000,0.000,0.000,0.000,0.000,0.000,0.060,0.000,0.000,0.000,0.000,0.000,0.000,0.000,0.000,0.000,0.000,0.000,0.000,0.222,0.000,0.000,0.000,0.000,0.000,0.000,0.000,0.000,0.000,0.000,0.000,-0.083,0.000,0.000,0.000,0.000,0.000,0.064,0.000,0.064,0.000,0.063,0.000,0.000
2532,0.000,0.000,0.000,0.230,0.000,0.000,0.000,0.000,0.000,0.000,0.000,0.060,0.000,0.000,0.000,0.000,0.000,0.000,0.000,0.000,0.000,0.000,0.000,0.000,0.222,0.000,0.000,0.000,0.000,0.000,0.000,0.000,0.000,0.000,0.000,0.000,-0.083,0.000,0.000,0.000,0.000,0.000,0.075,0.000,0.075,0.000,0.073,0.000,0.000
2533,0.000,0.000,0.000,0.230,0.000,0.000,0.000,0.000,0.000,0.000,0.000,0.060,0.001,0.000,0.000,0.000,0.000,0.000,0.000,0.000,0.172,0.000,0.000,0.000,0.222,0.000,0.000,0.000,0.000,0.000,0.000,0.000,0.000,0.000,0.000,0.000,-0.083,0.000,0.000,0.000,0.000,0.000,0.101,0.000,0.101,0.000,0.098,0.000,0.000
2534,0.000,0.000,0.000,0.230,0.000,0.000,0.000,0.000,0.000,0.000,0.000,0.060,0.008,0.000,0.000,0.000,0.000,0.000,0.000,0.000,0.370,0.000,0.000,0.000,0.222,0.000,0.000,0.000,0.000,0.000,0.000,0.000,0.000,0.000,0.000,0.000,-0.083,0.000,0.000,0.000,0.000,0.000,0.131,0.000,0.131,0.000,0.136,0.000,0.000
2535,0.000,0.000,0.000,0.230,0.000,0.000,0.000,0.000,0.000,0.000,0.000,0.060,0.010,0.000,0.000,0.000,0.000,0.000,0.000,0.000,0.395,0.000,0.000,0.000,0.222,0.000,0.000,0.000,0.000,0.000,0.000,0.000,0.000,0.000,0.000,0.000,-0.083,0.000,0.000,0.000,0.000,0.000,0.148,0.000,0.148,0.000,0.158,0.000,0.000
2536,0.000,0.000,0.000,0.230,0.000,0.000,0.000,0.000,0.000,0.000,0.000,0.060,0.007,0.000,0.000,0.000,0.000,0.000,0.000,0.000,0.347,0.000,0.000,0.000,0.222,0.000,0.000,0.000,0.000,0.000,0.000,0.000,0.000,0.000,0.000,0.000,-0.083,0.000,0.000,0.000,0.000,0.000,0.158,0.000,0.158,0.000,0.158,0.000,0.000
2537,0.000,0.000,0.000,0.230,0.000,0.000,0.000,0.000,0.000,0.000,0.000,0.060,0.002,0.000,0.000,0.000,0.000,0.000,0.000,0.000,0.242,0.000,0.000,0.000,0.222,0.000,0.000,0.000,0.000,0.000,0.000,0.000,0.000,0.000,0.000,0.000,-0.083,0.000,0.000,0.000,0.000,0.000,0.153,0.000,0.153,0.000,0.149,0.000,0.000
2538,0.000,0.000,0.000,0.230,0.000,0.000,0.000,0.000,0.000,0.000,0.000,0.060,0.000,0.000,0.000,0.000,0.000,0.000,0.000,0.000,0.104,0.000,0.000,0.000,0.222,0.000,0.000,0.000,0.000,0.000,0.000,0.000,0.000,0.000,0.000,0.000,-0.083,0.000,0.000,0.000,0.000,0.000,0.130,0.000,0.130,0.000,0.126,0.000,0.000
2539,0.000,0.000,0.000,0.230,0.000,0.000,0.000,0.000,0.000,0.000,0.000,0.060,0.000,0.000,0.000,0.075,0.000,0.000,0.030,0.001,0.000,0.000,0.000,0.000,0.222,0.000,0.000,0.000,0.000,0.000,0.000,0.000,0.000,0.000,0.000,0.000,-0.083,0.000,0.000,0.000,0.000,0.000,0.142,0.000,0.142,0.000,0.138,0.000,0.000
2540,0.000,0.000,0.000,0.230,0.000,0.000,0.000,0.000,0.000,0.000,0.000,0.060,0.000,0.000,0.000,0.141,0.000,0.000,0.063,0.004,0.000,0.000,0.000,0.000,0.222,0.000,0.000,0.000,0.000,0.000,0.000,0.000,0.000,0.000,0.000,0.000,-0.083,0.000,0.000,0.000,0.000,0.000,0.180,0.000,0.180,0.000,0.175,0.000,0.000
2541,0.000,0.000,0.000,0.230,0.000,0.000,0.000,0.000,0.000,0.000,0.000,0.060,0.000,0.000,0.000,0.092,0.000,0.000,0.038,0.001,0.000,0.000,0.000,0.000,0.222,0.000,0.000,0.000,0.000,0.000,0.000,0.000,0.000,0.000,0.000,0.000,-0.083,0.000,0.000,0.000,0.000,0.000,0.150,0.000,0.150,0.000,0.146,0.000,0.000
2542,0.000,0.000,0.000,0.230,0.000,0.000,0.000,0.000,0.000,0.000,0.000,0.060,0.000,0.000,0.000,0.000,0.000,0.000,0.000,0.000,0.000,0.000,0.000,0.000,0.222,0.000,0.000,0.000,0.000,0.000,0.000,0.000,0.000,0.000,0.000,0.000,-0.083,0.000,0.000,0.000,0.000,0.000,0.101,0.000,0.101,0.000,0.098,0.000,0.000
2543,0.000,0.000,0.000,0.230,0.000,0.000,0.000,0.000,0.000,0.000,0.000,0.060,0.000,0.000,0.000,0.000,0.000,0.000,0.000,0.000,0.000,0.000,0.000,0.000,0.222,0.000,0.000,0.000,0.000,0.000,0.000,0.000,0.000,0.000,0.000,0.000,-0.083,0.000,0.000,0.000,0.000,0.000,0.096,0.000,0.096,0.000,0.093,0.000,0.000
2544,0.000,0.000,0.000,0.230,0.000,0.000,0.000,0.000,0.000,0.000,0.000,0.060,0.000,0.000,0.000,0.000,0.000,0.000,0.000,0.000,0.000,0.000,0.000,0.000,0.222,0.000,0.000,0.000,0.000,0.000,0.000,0.000,0.000,0.000,0.000,0.000,-0.083,0.000,0.000,0.000,0.000,0.000,0.082,0.000,0.082,0.000,0.080,0.000,0.000
2545,0.000,0.000,0.000,0.230,0.000,0.000,0.000,0.000,0.000,0.000,0.000,0.060,0.000,0.000,0.000,0.000,0.000,0.000,0.000,0.000,0.000,0.000,0.000,0.000,0.222,0.000,0.000,0.000,0.000,0.000,0.000,0.000,0.000,0.000,0.000,0.000,-0.083,0.000,0.000,0.000,0.000,0.000,0.063,0.000,0.063,0.000,0.061,0.000,0.000
