,faceMuscles.frontalis,faceMuscles.currogator,faceMuscles.medFrontalis,faceMuscles.orbOculi,faceMuscles.orbOculi_L,faceMuscles.orbOculi_R,faceMuscles.orbOculi_out,faceMuscles.latFrontalis,faceMuscles.latFrontalis_L,faceMuscles.latFrontalis_R,faceMuscles.LabInf,faceMuscles.zygomatic,faceMuscles.labSup,faceMuscles.labSup_AN,faceMuscles.triangularis,faceMuscles.incisivus,faceMuscles.mentalis,faceMuscles.risoriusPlatysma,faceMuscles.orbOris_loose_lo,faceMuscles.orbOris_loose_hi,faceMuscles.orbOris_tight_lo,faceMuscles.orbOris_tight_hi,faceMuscles.orbOri0s_tight_hi2,faceMuscles.orbOris_tight_lo2,faceMuscles.mouthClose,faceMuscles.orbOculi_lo,faceMuscles.buccinator,faceMuscles.orbOculi_lo_L,faceMuscles.orbOculi_lo_R,faceMuscles.labSup_L,faceMuscles.labSup_R,faceMuscles.zygomatic_L,faceMuscles.zygomatic_R,faceMuscles.risoriusPlatysma_L,faceMuscles.risoriusPlatysma_R,faceMuscles.levAnguliOris,faceMuscles.dilatorNaris,faceMuscles.Zyg_Minor,faceMuscles.mentalis_lowerLip,faceMuscles.triangularis_L,faceMuscles.triangularis_R,faceMuscles.orbOris_up_hi,faceMuscles.jawOpenComp,faceMuscles.blow,jaw.rotateZ,jaw.rotateY,jaw.translateX,blink_ctl.translateY,loBlink_ctl.translateY
2956,0.000,0.000,0.000,0.000,0.160,-0.250,0.000,0.000,0.000,0.000,0.000,0.360,0.000,0.000,0.000,0.000,0.000,0.000,0.000,0.000,0.000,0.000,0.000,0.000,0.000,0.000,0.000,0.000,0.000,0.000,0.000,0.290,0.290,0.000,0.000,0.000,0.000,0.000,0.000,0.000,0.000,0.000,0.000,0.000,-0.000,0.000,-0.000,0.000,0.000
2957,0.000,0.000,0.000,0.000,0.160,-0.250,0.000,0.000,0.000,0.000,0.000,0.360,0.000,0.000,0.000,0.000,0.000,0.000,0.000,0.000,0.000,0.000,0.000,0.000,0.000,0.000,0.000,0.000,0.000,0.000,0.000,0.290,0.290,0.000,0.000,0.000,0.000,0.000,0.000,0.000,0.000,0.000,0.000,0.000,-0.000,0.000,-0.000,0.000,0.000
2958,0.000,0.000,0.000,0.000,0.160,-0.250,0.000,0.000,0.000,0.000,0.000,0.360,0.000,0.000,0.000,0.000,0.000,0.000,0.000,0.000,0.000,0.000,0.000,0.000,0.000,0.000,0.000,0.000,0.000,0.000,0.000,0.290,0.290,0.000,0.000,0.000,0.000,0.000,0.000,0.000,0.000,0.000,0.000,0.000,-0.000,0.000,-0.000,0.000,0.000
2959,0.000,0.000,0.000,0.000,0.160,-0.250,0.000,0.000,0.000,0.000,0.000,0.360,0.000,0.000,0.000,0.000,0.000,0.000,0.000,0.000,0.000,0.000,0.000,0.000,0.000,0.000,0.000,0.000,0.000,0.000,0.000,0.290,0.290,0.000,0.000,0.000,0.000,0.000,0.000,0.000,0.000,0.000,0.000,0.000,-0.000,0.000,-0.000,0.000,0.000
2960,0.000,0.000,0.000,0.000,0.160,-0.250,0.000,0.000,0.000,0.000,0.000,0.360,0.000,0.000,0.000,0.000,0.000,0.000,0.000,0.000,0.000,0.000,0.000,0.000,0.000,0.000,0.000,0.000,0.000,0.000,0.000,0.290,0.290,0.000,0.000,0.000,0.000,0.000,0.000,0.000,0.000,0.000,0.000,0.000,-0.000,0.000,-0.000,0.000,0.000
2961,0.000,0.000,0.000,0.000,0.160,-0.250,0.000,0.000,0.000,0.000,0.000,0.360,0.000,0.000,0.000,0.000,0.000,0.000,0.000,0.000,0.000,0.000,0.000,0.000,0.000,0.000,0.000,0.000,0.000,0.000,0.000,0.290,0.290,0.000,0.000,0.000,0.000,0.000,0.000,0.000,0.000,0.000,0.000,0.000,-0.000,0.000,-0.000,0.000,0.000
2962,0.000,0.000,0.000,0.000,0.160,-0.250,0.000,0.000,0.000,0.000,0.000,0.360,0.000,0.000,0.000,0.000,0.000,0.000,0.000,0.000,0.000,0.000,0.000,0.000,0.000,0.000,0.000,0.000,0.000,0.000,0.000,0.290,0.290,0.000,0.000,0.000,0.000,0.000,0.000,0.000,0.000,0.000,0.000,0.000,-0.000,0.000,-0.000,0.000,0.000
2963,0.000,0.000,0.000,0.000,0.160,-0.250,0.000,0.000,0.000,0.000,0.000,0.360,0.000,0.000,0.000,0.000,0.000,0.000,0.000,0.000,0.000,0.000,0.000,0.000,0.000,0.000,0.000,0.000,0.000,0.000,0.000,0.290,0.290,0.000,0.000,0.000,0.000,0.000,0.000,0.000,0.000,0.000,0.000,0.000,-0.000,0.000,-0.000,0.000,0.000
2964,0.000,0.000,0.000,0.000,0.160,-0.250,0.000,0.000,0.000,0.000,0.000,0.360,0.000,0.000,0.000,0.000,0.000,0.000,0.000,0.000,0.000,0.000,0.000,0.000,0.000,0.000,0.000,0.000,0.000,0.000,0.000,0.290,0.290,0.000,0.000,0.000,0.000,0.000,0.000,0.000,0.000,0.000,0.000,0.000,-0.000,0.000,-0.000,0.000,0.000
2965,0.000,0.000,0.000,0.000,0.160,-0.250,0.000,0.000,0.000,0.000,0.000,0.360,0.000,0.000,0.000,0.000,0.000,0.000,0.000,0.000,0.000,0.000,0.000,0.000,0.000,0.000,0.000,0.000,0.000,0.000,0.000,0.290,0.290,0.000,0.000,0.000,0.000,0.000,0.000,0.000,0.000,0.000,0.000,0.000,-0.000,0.000,-0.000,0.000,0.000
2966,0.000,0.000,0.000,0.000,0.160,-0.250,0.000,0.000,0.000,0.000,0.000,0.400,0.000,0.000,0.000,0.000,0.000,0.000,0.000,0.000,0.000,0.000,0.000,0.000,0.000,0.000,0.000,0.000,0.000,0.000,0.000,0.274,0.274,0.000,0.000,0.000,0.000,0.000,0.000,0.000,0.000,0.000,0.007,0.000,0.007,0.000,0.006,0.000,0.000
2967,0.000,0.000,0.000,0.000,0.160,-0.250,0.000,0.000,0.000,0.000,0.000,0.505,0.000,0.000,0.000,0.000,0.000,0.000,0.000,0.000,0.000,0.000,0.000,0.000,0.000,0.000,0.000,0.000,0.000,0.000,0.000,0.233,0.233,0.000,0.000,0.000,0.000,0.000,0.000,0.000,0.000,0.000,0.024,0.000,0.024,0.000,0.023,0.000,0.000
2968,0.000,0.000,0.000,0.000,0.160,-0.250,0.000,0.000,0.000,0.000,0.000,0.647,0.000,0.000,0.000,0.000,0.000,0.000,0.000,0.000,0.000,0.000,0.000,0.000,0.000,0.000,0.000,0.000,0.000,0.000,0.000,0.176,0.176,0.000,0.000,0.000,0.000,0.000,0.000,0.000,0.000,0.000,0.047,0.000,0.047,0.000,0.046,0.000,0.000
2969,0.000,0.000,0.000,0.000,0.160,-0.250,0.000,0.000,0.000,0.000,0.000,0.803,0.000,0.000,0.000,0.000,0.000,0.000,0.000,0.000,0.000,0.000,0.000,0.000,0.000,0.000,0.000,0.000,0.000,0.000,0.000,0.114,0.114,0.000,0.000,0.000,0.000,0.000,0.000,0.000,0.000,0.000,0.073,0.000,0.073,0.000,0.071,0.000,0.000
2970,0.000,0.000,0.000,0.000,0.160,-0.250,0.000,0.000,0.000,0.000,0.000,0.945,0.000,0.000,0.000,0.000,0.000,0.000,0.000,0.000,0.000,0.000,0.000,0.000,0.000,0.000,0.000,0.000,0.000,0.000,0.000,0.057,0.057,0.000,0.000,0.000,0.000,0.000,0.000,0.000,0.000,0.000,0.096,0.000,0.096,0.000,0.093,0.000,0.000
2971,0.000,0.000,0.000,0.000,0.160,-0.250,0.000,0.000,0.000,0.000,0.000,1.000,0.000,0.000,0.000,0.000,0.000,0.000,0.000,0.000,0.000,0.000,0.000,0.000,0.000,0.000,0.000,0.000,0.000,0.000,0.000,0.016,0.016,0.000,0.000,0.000,0.000,0.000,0.000,0.000,0.000,0.000,0.113,0.000,0.113,0.000,0.110,0.000,0.000
2972,0.000,0.000,0.000,0.000,0.160,-0.250,0.000,0.000,0.000,0.000,0.000,1.000,0.000,0.000,0.000,0.000,0.000,0.000,0.000,0.000,0.000,0.000,0.000,0.000,0.000,0.000,0.000,0.000,0.000,0.000,0.000,0.000,0.000,0.000,0.000,0.000,0.000,0.000,0.000,0.000,0.000,0.000,0.120,0.000,0.120,0.000,0.117,0.000,0.000
2973,0.000,0.000,0.000,0.000,0.160,-0.250,0.000,0.000,0.000,0.000,0.000,1.000,0.000,0.000,0.000,0.000,0.000,0.000,0.000,0.000,0.000,0.000,0.000,0.000,0.000,0.000,0.000,0.000,0.000,0.000,0.000,0.000,0.000,0.000,0.000,0.000,0.000,0.000,0.000,0.000,0.000,0.000,0.120,0.000,0.120,0.000,0.117,0.000,0.000
2974,0.000,0.000,0.000,0.000,0.160,-0.250,0.000,0.000,0.000,0.000,0.000,1.000,0.000,0.000,0.000,0.000,0.000,0.000,0.000,0.000,0.000,0.000,0.000,0.000,0.000,0.000,0.000,0.000,0.000,0.000,0.000,0.000,0.000,0.000,0.000,0.000,0.000,0.000,0.000,0.000,0.000,0.000,0.120,0.000,0.120,0.000,0.117,0.000,0.000
2975,0.000,0.000,0.000,0.000,0.160,-0.250,0.000,0.000,0.000,0.000,0.000,1.000,0.000,0.000,0.000,0.000,0.000,0.000,0.000,0.000,0.000,0.000,0.000,0.000,0.000,0.000,0.000,0.000,0.000,0.000,0.000,0.000,0.000,0.000,0.000,0.000,0.000,0.000,0.000,0.000,0.000,0.000,0.120,0.000,0.120,0.000,0.117,0.000,0.000
2976,0.000,0.000,0.000,0.000,0.160,-0.250,0.000,0.000,0.000,0.000,0.000,1.000,0.000,0.000,0.000,0.000,0.000,0.000,0.000,0.000,0.000,0.000,0.000,0.000,0.000,0.000,0.000,0.000,0.000,0.000,0.000,0.000,0.000,0.000,0.000,0.000,0.000,0.000,0.000,0.000,0.000,0.000,0.120,0.000,0.120,0.000,0.117,0.000,0.000
2977,0.000,0.000,0.000,0.000,0.160,-0.250,0.000,0.000,0.000,0.000,0.000,1.000,0.000,0.000,0.000,0.000,0.000,0.000,0.000,0.000,0.000,0.000,0.000,0.000,0.000,0.000,0.000,0.000,0.000,0.000,0.000,0.000,0.000,0.000,0.000,0.000,0.000,0.000,0.000,0.000,0.000,0.000,0.120,0.000,0.120,0.000,0.117,-0.164,0.000
2978,0.000,0.000,0.000,0.000,0.160,-0.250,0.000,0.000,0.000,0.000,0.000,1.000,0.000,0.000,0.000,0.000,0.000,0.000,0.000,0.000,0.000,0.000,0.000,0.000,0.000,0.000,0.000,0.000,0.000,0.000,0.000,0.000,0.000,0.000,0.000,0.000,0.000,0.000,0.000,0.000,0.000,0.000,0.120,0.000,0.120,0.000,0.117,-0.554,0.000
2979,0.000,0.000,0.000,0.000,0.160,-0.250,0.000,0.000,0.000,0.000,0.000,1.000,0.000,0.000,0.000,0.000,0.000,0.000,0.000,0.000,0.000,0.000,0.000,0.000,0.000,0.000,0.000,0.000,0.000,0.000,0.000,0.000,0.000,0.000,0.000,0.000,0.000,0.000,0.000,0.000,0.000,0.000,0.120,0.000,0.120,0.000,0.117,-1.000,0.000
2980,0.000,0.000,0.000,0.000,0.160,-0.250,0.000,0.000,0.000,0.000,0.000,1.000,0.000,0.000,0.000,0.000,0.000,0.000,0.000,0.000,0.000,0.000,0.000,0.000,0.000,0.000,0.000,0.000,0.000,0.000,0.000,0.000,0.000,0.000,0.000,0.000,0.000,0.000,0.000,0.000,0.000,0.000,0.120,0.000,0.120,0.000,0.117,-1.000,0.000
2981,0.000,0.000,0.000,0.000,0.160,-0.250,0.000,0.000,0.000,0.000,0.000,1.000,0.000,0.000,0.000,0.000,0.000,0.000,0.000,0.000,0.000,0.000,0.000,0.000,0.000,0.000,0.000,0.000,0.000,0.000,0.000,0.000,0.000,0.000,0.000,0.000,0.000,0.000,0.000,0.000,0.000,0.000,0.120,0.000,0.120,0.000,0.117,-1.000,0.000
2982,0.000,0.000,0.000,0.000,0.160,-0.250,0.000,0.000,0.000,0.000,0.000,1.000,0.000,0.000,0.000,0.000,0.000,0.000,0.000,0.000,0.000,0.000,0.000,0.000,0.000,0.000,0.000,0.000,0.000,0.000,0.000,0.000,0.000,0.000,0.000,0.000,0.000,0.000,0.000,0.000,0.000,0.000,0.120,0.000,0.120,0.000,0.117,-1.000,0.000
2983,0.000,0.000,0.000,0.000,0.160,-0.250,0.000,0.000,0.000,0.000,0.000,1.000,0.000,0.000,0.000,0.000,0.000,0.000,0.000,0.000,0.000,0.000,0.000,0.000,0.000,0.000,0.000,0.000,0.000,0.000,0.000,0.000,0.000,0.000,0.000,0.000,0.000,0.000,0.000,0.000,0.000,0.000,0.120,0.000,0.120,0.000,0.117,-1.000,0.000
2984,0.000,0.000,0.000,0.000,0.160,-0.250,0.000,0.000,0.000,0.000,0.000,1.000,0.000,0.000,0.000,0.000,0.000,0.000,0.000,0.000,0.000,0.000,0.000,0.000,0.000,0.000,0.000,0.000,0.000,0.000,0.000,0.000,0.000,0.000,0.000,0.000,0.000,0.000,0.000,0.000,0.000,0.000,0.120,0.000,0.120,0.000,0.117,-0.554,0.000
2985,0.000,0.000,0.000,0.000,0.160,-0.250,0.000,0.000,0.000,0.000,0.000,1.000,0.000,0.000,0.000,0.000,0.000,0.000,0.000,0.000,0.000,0.000,0.000,0.000,0.000,0.000,0.000,0.000,0.000,0.000,0.000,0.000,0.000,0.000,0.000,0.000,0.000,0.000,0.000,0.000,0.000,0.000,0.111,0.000,0.111,0.000,0.108,-0.164,0.000
2986,0.000,0.000,0.000,0.000,0.160,-0.250,0.000,0.000,0.000,0.000,0.000,1.000,0.000,0.000,0.000,0.000,0.000,0.000,0.000,0.000,0.000,0.000,0.000,0.000,0.000,0.000,0.000,0.000,0.000,0.000,0.000,0.000,0.000,0.000,0.000,0.000,0.000,0.000,0.000,0.000,0.000,0.000,0.089,0.000,0.089,0.000,0.086,0.000,0.000
2987,0.000,0.000,0.000,0.000,0.160,-0.250,0.000,0.000,0.000,0.000,0.000,1.000,0.000,0.000,0.000,0.000,0.000,0.000,0.000,0.000,0.000,0.000,0.000,0.000,0.000,0.000,0.000,0.000,0.000,0.000,0.000,0.000,0.000,0.000,0.000,0.000,0.000,0.000,0.000,0.000,0.000,0.000,0.060,0.000,0.060,0.000,0.058,0.000,0.000
2988,0.000,0.000,0.000,0.000,0.160,-0.250,0.000,0.000,0.000,0.000,0.000,1.000,0.000,0.000,0.000,0.000,0.000,0.000,0.000,0.000,0.000,0.000,0.000,0.000,0.000,0.000,0.000,0.000,0.000,0.000,0.000,0.000,0.000,0.000,0.000,0.000,0.000,0.000,0.000,0.000,0.000,0.000,0.031,0.000,0.031,0.000,0.030,0.000,0.000
2989,0.000,0.000,0.000,0.000,0.160,-0.250,0.000,0.000,0.000,0.000,0.000,1.000,0.000,0.000,0.000,0.000,0.000,0.000,0.000,0.000,0.000,0.000,0.000,0.000,0.000,0.000,0.000,0.000,0.000,0.000,0.000,0.000,0.000,0.000,0.000,0.000,0.000,0.000,0.000,0.000,0.000,0.000,0.009,0.000,0.009,0.000,0.008,0.000,0.000
2990,0.000,0.000,0.000,0.000,0.160,-0.250,0.000,0.000,0.000,0.000,0.000,1.000,0.000,0.000,0.000,0.000,0.000,0.000,0.000,0.000,0.000,0.000,0.000,0.000,0.000,0.000,0.000,0.000,0.000,0.000,0.000,0.000,0.000,0.000,0.000,0.000,0.000,0.000,0.000,0.000,0.000,0.000,0.000,0.000,-0.000,0.000,-0.000,0.000,0.000
2991,0.000,0.000,0.000,0.000,0.160,-0.250,0.000,0.000,0.000,0.000,0.000,1.000,0.000,0.000,0.000,0.000,0.000,0.000,0.000,0.000,0.000,0.000,0.000,0.000,0.000,0.000,0.000,0.000,0.000,0.000,0.000,0.000,0.000,0.000,0.000,0.000,0.000,0.000,0.000,0.000,0.000,0.000,0.000,0.000,-0.000,0.000,-0.000,0.000,0.000
2992,0.000,0.000,0.000,0.000,0.160,-0.250,0.000,0.000,0.000,0.000,0.000,1.000,0.000,0.000,0.000,0.000,0.000,0.000,0.000,0.000,0.000,0.000,0.000,0.000,0.000,0.000,0.000,0.000,0.000,0.000,0.000,0.000,0.000,0.000,0.000,0.000,0.000,0.000,0.000,0.000,0.000,0.000,0.000,0.000,-0.000,0.000,-0.000,0.000,0.000
2993,0.000,0.000,0.000,0.000,0.160,-0.250,0.000,0.000,0.000,0.000,0.000,1.000,0.000,0.000,0.000,0.000,0.000,0.000,0.000,0.000,0.000,0.000,0.000,0.000,0.000,0.000,0.000,0.000,0.000,0.000,0.000,0.000,0.000,0.000,0.000,0.000,0.000,0.000,0.000,0.000,0.000,0.000,0.000,0.000,-0.000,0.000,-0.000,0.000,0.000
2994,0.000,0.000,0.000,0.000,0.160,-0.250,0.000,0.000,0.000,0.000,0.000,1.000,0.000,0.000,0.000,0.000,0.000,0.000,0.000,0.000,0.000,0.000,0.000,0.000,0.000,0.000,0.000,0.000,0.000,0.000,0.000,0.000,0.000,0.000,0.000,0.000,0.000,0.000,0.000,0.000,0.000,0.000,0.000,0.000,-0.000,0.000,-0.000,0.000,0.000
2995,0.000,0.000,0.000,0.000,0.160,-0.250,0.000,0.000,0.000,0.000,0.000,1.000,0.000,0.000,0.000,0.000,0.000,0.000,0.000,0.000,0.000,0.000,0.000,0.000,0.000,0.000,0.000,0.000,0.000,0.000,0.000,0.000,0.000,0.000,0.000,0.000,0.000,0.000,0.000,0.000,0.000,0.000,0.000,0.000,-0.000,0.000,-0.000,0.000,0.000
2996,0.000,0.000,0.000,0.000,0.160,-0.250,0.000,0.000,0.000,0.000,0.000,1.000,0.000,0.000,0.000,0.000,0.000,0.000,0.000,0.000,0.000,0.000,0.000,0.000,0.000,0.000,0.000,0.000,0.000,0.000,0.000,0.000,0.000,0.000,0.000,0.000,0.000,0.000,0.000,0.000,0.000,0.000,0.000,0.000,-0.000,0.000,-0.000,0.000,0.000
2997,0.000,0.000,0.000,0.000,0.160,-0.250,0.000,0.000,0.000,0.000,0.000,1.000,0.000,0.000,0.000,0.000,0.000,0.000,0.000,0.000,0.000,0.000,0.000,0.000,0.000,0.000,0.000,0.000,0.000,0.000,0.000,0.000,0.000,0.000,0.000,0.000,0.000,0.000,0.000,0.000,0.000,0.000,0.000,0.000,-0.000,0.000,-0.000,0.000,0.000
2998,0.000,0.000,0.000,0.000,0.160,-0.250,0.000,0.000,0.000,0.000,0.000,1.000,0.000,0.000,0.000,0.000,0.000,0.000,0.000,0.000,0.000,0.000,0.000,0.000,0.000,0.000,0.000,0.000,0.000,0.000,0.000,0.000,0.000,0.000,0.000,0.000,0.000,0.000,0.000,0.000,0.000,0.000,0.000,0.000,-0.000,0.000,-0.000,0.000,0.000
2999,0.000,0.000,0.000,0.000,0.160,-0.250,0.000,0.000,0.000,0.000,0.000,1.000,0.000,0.000,0.000,0.000,0.000,0.000,0.000,0.000,0.000,0.000,0.000,0.000,0.000,0.000,0.000,0.000,0.000,0.000,0.000,0.000,0.000,0.000,0.000,0.000,0.000,0.000,0.000,0.000,0.000,0.000,0.000,0.000,-0.000,0.000,-0.000,0.000,0.000
3000,0.000,0.000,0.000,0.000,0.160,-0.250,0.000,0.000,0.000,0.000,0.000,1.000,0.000,0.000,0.000,0.000,0.000,0.000,0.000,0.000,0.000,0.000,0.000,0.000,0.000,0.000,0.000,0.000,0.000,0.000,0.000,0.000,0.000,0.000,0.000,0.000,0.000,0.000,0.000,0.000,0.000,0.000,0.000,0.000,-0.000,0.000,-0.000,0.000,0.000
3001,0.000,0.000,0.000,0.000,0.160,-0.250,0.000,0.000,0.000,0.000,0.000,1.000,0.000,0.000,0.000,0.000,0.000,0.000,0.000,0.000,0.000,0.000,0.000,0.000,0.000,0.000,0.000,0.000,0.000,0.000,0.000,0.000,0.000,0.000,0.000,0.000,0.000,0.000,0.000,0.000,0.000,0.000,0.000,0.000,-0.000,0.000,-0.000,0.000,0.000
3002,0.000,0.000,0.000,0.000,0.160,-0.250,0.000,0.000,0.000,0.000,0.000,1.000,0.000,0.000,0.000,0.000,0.000,0.000,0.000,0.000,0.000,0.000,0.000,0.000,0.000,0.000,0.000,0.000,0.000,0.000,0.000,0.000,0.000,0.000,0.000,0.000,0.000,0.000,0.000,0.000,0.000,0.000,0.000,0.000,-0.000,0.000,-0.000,0.000,0.000
3003,0.000,0.000,0.000,0.000,0.160,-0.250,0.000,0.000,0.000,0.000,0.000,1.000,0.000,0.000,0.000,0.000,0.000,0.000,0.000,0.000,0.000,0.000,0.000,0.000,0.000,0.000,0.000,0.000,0.000,0.000,0.000,0.000,0.000,0.000,0.000,0.000,0.000,0.000,0.000,0.000,0.000,0.000,0.000,0.000,-0.000,0.000,-0.000,0.000,0.000
3004,0.000,0.000,0.000,0.000,0.160,-0.250,0.000,0.000,0.000,0.000,0.000,1.000,0.000,0.000,0.000,0.000,0.000,0.000,0.000,0.000,0.000,0.000,0.000,0.000,0.000,0.000,0.000,0.000,0.000,0.000,0.000,0.000,0.000,0.000,0.000,0.000,0.000,0.000,0.000,0.000,0.000,0.000,0.000,0.000,-0.000,0.000,-0.000,0.000,0.000
3005,0.000,0.000,0.000,0.000,0.160,-0.250,0.000,0.000,0.000,0.000,0.000,1.000,0.000,0.000,0.000,0.000,0.000,0.000,0.000,0.000,0.000,0.000,0.000,0.000,0.000,0.000,0.000,0.000,0.000,0.000,0.000,0.000,0.000,0.000,0.000,0.000,0.000,0.000,0.000,0.000,0.000,0.000,0.000,0.000,-0.000,0.000,-0.000,0.000,0.000
3006,0.000,0.000,0.000,0.000,0.160,-0.250,0.000,0.000,0.000,0.000,0.000,1.000,0.000,0.000,0.000,0.000,0.000,0.000,0.000,0.000,0.000,0.000,0.000,0.000,0.000,0.000,0.000,0.000,0.000,0.000,0.000,0.000,0.000,0.000,0.000,0.000,0.000,0.000,0.000,0.000,0.000,0.000,0.000,0.000,-0.000,0.000,-0.000,0.000,0.000
3007,0.000,0.000,0.000,0.000,0.160,-0.250,0.000,0.000,0.000,0.000,0.000,1.000,0.000,0.000,0.000,0.000,0.000,0.000,0.000,0.000,0.000,0.000,0.000,0.000,0.000,0.000,0.000,0.000,0.000,0.000,0.000,0.000,0.000,0.000,0.000,0.000,0.000,0.000,0.000,0.000,0.000,0.000,0.000,0.000,-0.000,0.000,-0.000,0.000,0.000
3008,0.000,0.000,0.000,0.000,0.160,-0.250,0.000,0.000,0.000,0.000,0.000,1.000,0.000,0.000,0.000,0.000,0.000,0.000,0.000,0.000,0.000,0.000,0.000,0.000,0.000,0.000,0.000,0.000,0.000,0.000,0.000,0.000,0.000,0.000,0.000,0.000,0.000,0.000,0.000,0.000,0.000,0.000,0.000,0.000,-0.000,0.000,-0.000,0.000,0.000
3009,0.000,0.000,0.000,0.000,0.160,-0.250,0.000,0.000,0.000,0.000,0.000,1.000,0.000,0.000,0.000,0.000,0.000,0.000,0.000,0.000,0.000,0.000,0.000,0.000,0.000,0.000,0.000,0.000,0.000,0.000,0.000,0.000,0.000,0.000,0.000,0.000,0.000,0.000,0.000,0.000,0.000,0.000,0.000,0.000,-0.000,0.000,-0.000,0.000,0.000
3010,0.000,0.000,0.000,0.000,0.160,-0.250,0.000,0.000,0.000,0.000,0.000,1.000,0.000,0.000,0.000,0.000,0.000,0.000,0.000,0.000,0.000,0.000,0.000,0.000,0.000,0.000,0.000,0.000,0.000,0.000,0.000,0.000,0.000,0.000,0.000,0.000,0.000,0.000,0.000,0.000,0.000,0.000,0.000,0.000,-0.000,0.000,-0.000,0.000,0.000
3011,0.000,0.000,0.000,0.000,0.160,-0.250,0.000,0.000,0.000,0.000,0.000,1.000,0.000,0.000,0.000,0.000,0.000,0.000,0.000,0.000,0.000,0.000,0.000,0.000,0.000,0.000,0.000,0.000,0.000,0.000,0.000,0.000,0.000,0.000,0.000,0.000,0.000,0.000,0.000,0.000,0.000,0.000,0.000,0.000,-0.000,0.000,-0.000,0.000,0.000
3012,0.000,0.000,0.000,0.000,0.160,-0.250,0.000,0.000,0.000,0.000,0.000,1.000,0.000,0.000,0.000,0.000,0.000,0.000,0.000,0.000,0.000,0.000,0.000,0.000,0.000,0.000,0.000,0.000,0.000,0.000,0.000,0.000,0.000,0.000,0.000,0.000,0.000,0.000,0.000,0.000,0.000,0.000,0.000,0.000,-0.000,0.000,-0.000,0.000,0.000
