,faceMuscles.frontalis,faceMuscles.currogator,faceMuscles.medFrontalis,faceMuscles.orbOculi,faceMuscles.orbOculi_L,faceMuscles.orbOculi_R,faceMuscles.orbOculi_out,faceMuscles.latFrontalis,faceMuscles.latFrontalis_L,faceMuscles.latFrontalis_R,faceMuscles.LabInf,faceMuscles.zygomatic,faceMuscles.labSup,faceMuscles.labSup_AN,faceMuscles.triangularis,faceMuscles.incisivus,faceMuscles.mentalis,faceMuscles.risoriusPlatysma,faceMuscles.orbOris_loose_lo,faceMuscles.orbOris_loose_hi,faceMuscles.orbOris_tight_lo,faceMuscles.orbOris_tight_hi,faceMuscles.orbOri0s_tight_hi2,faceMuscles.orbOris_tight_lo2,faceMuscles.mouthClose,faceMuscles.orbOculi_lo,faceMuscles.buccinator,faceMuscles.orbOculi_lo_L,faceMuscles.orbOculi_lo_R,faceMuscles.labSup_L,faceMuscles.labSup_R,faceMuscles.zygomatic_L,faceMuscles.zygomatic_R,faceMuscles.risoriusPlatysma_L,faceMuscles.risoriusPlatysma_R,faceMuscles.levAnguliOris,faceMuscles.dilatorNaris,faceMuscles.Zyg_Minor,faceMuscles.mentalis_lowerLip,faceMuscles.triangularis_L,faceMuscles.triangularis_R,faceMuscles.orbOris_up_hi,faceMuscles.jawOpenComp,faceMuscles.blow,jaw.rotateZ,jaw.rotateY,jaw.translateX,blink_ctl.translateY,loBlink_ctl.translateY
1760,0.305,-0.050,0.150,0.000,0.080,0.000,0.400,0.000,0.000,0.000,0.506,0.370,0.191,0.000,0.297,0.000,0.000,0.152,0.057,0.000,0.000,0.000,0.000,0.000,0.000,0.000,0.242,0.000,0.000,0.000,0.000,0.000,0.000,0.000,0.000,0.000,0.000,0.000,0.000,0.000,0.000,0.000,0.309,0.000,0.309,0.000,0.300,0.541,-0.578
1761,0.305,-0.050,0.150,0.000,0.080,0.000,0.400,0.000,0.000,0.000,0.506,0.370,0.191,0.000,0.297,0.000,0.000,0.152,0.057,0.000,0.000,0.000,0.000,0.000,0.000,0.000,0.242,0.000,0.000,0.000,0.000,0.000,0.000,0.000,0.000,0.000,0.000,0.000,0.000,0.000,0.000,0.000,0.309,0.000,0.309,0.000,0.300,0.541,-0.578
1762,0.305,-0.050,0.150,0.000,0.080,0.000,0.400,0.000,0.000,0.000,0.506,0.370,0.191,0.000,0.297,0.000,0.000,0.152,0.057,0.000,0.000,0.000,0.000,0.000,0.000,0.000,0.242,0.000,0.000,0.000,0.000,0.000,0.000,0.000,0.000,0.000,0.000,0.000,0.000,0.000,0.000,0.000,0.309,0.000,0.309,0.000,0.300,0.541,-0.578
1763,0.305,-0.050,0.150,0.000,0.080,0.000,0.400,0.000,0.000,0.000,0.506,0.370,0.191,0.000,0.297,0.000,0.000,0.152,0.057,0.000,0.000,0.000,0.000,0.000,0.000,0.000,0.242,0.000,0.000,0.000,0.000,0.000,0.000,0.000,0.000,0.000,0.000,0.000,0.000,0.000,0.000,0.000,0.309,0.000,0.309,0.000,0.300,0.541,-0.578
1764,0.305,-0.050,0.150,0.000,0.080,0.000,0.400,0.000,0.000,0.000,0.506,0.370,0.191,0.000,0.297,0.000,0.000,0.152,0.057,0.000,0.000,0.000,0.000,0.000,0.000,0.000,0.242,0.000,0.000,0.000,0.000,0.000,0.000,0.000,0.000,0.000,0.000,0.000,0.000,0.000,0.000,0.000,0.309,0.000,0.309,0.000,0.300,0.541,-0.578
1765,0.305,-0.050,0.150,0.000,0.080,0.000,0.400,0.000,0.000,0.000,0.506,0.370,0.191,0.000,0.297,0.000,0.000,0.152,0.057,0.000,0.000,0.000,0.000,0.000,0.000,0.000,0.242,0.000,0.000,0.000,0.000,0.000,0.000,0.000,0.000,0.000,0.000,0.000,0.000,0.000,0.000,0.000,0.309,0.000,0.309,0.000,0.300,0.541,-0.578
1766,0.305,-0.050,0.150,0.000,0.080,0.000,0.400,0.000,0.000,0.000,0.506,0.370,0.191,0.000,0.297,0.000,0.000,0.152,0.057,0.000,0.000,0.000,0.000,0.000,0.000,0.000,0.242,0.000,0.000,0.000,0.000,0.000,0.000,0.000,0.000,0.000,0.000,0.000,0.000,0.000,0.000,0.000,0.309,0.000,0.309,0.000,0.300,0.541,-0.578
1767,0.305,-0.050,0.150,0.000,0.080,0.000,0.400,0.000,0.000,0.000,0.506,0.370,0.191,0.000,0.297,0.000,0.000,0.152,0.057,0.000,0.000,0.000,0.000,0.000,0.000,0.000,0.242,0.000,0.000,0.000,0.000,0.000,0.000,0.000,0.000,0.000,0.000,0.000,0.000,0.000,0.000,0.000,0.309,0.000,0.309,0.000,0.300,0.541,-0.578
1768,0.305,-0.050,0.150,0.000,0.080,0.000,0.400,0.000,0.000,0.000,0.506,0.370,0.191,0.000,0.297,0.000,0.000,0.152,0.057,0.000,0.000,0.000,0.000,0.000,0.000,0.000,0.242,0.000,0.000,0.000,0.000,0.000,0.000,0.000,0.000,0.000,0.000,0.000,0.000,0.000,0.000,0.000,0.309,0.000,0.309,0.000,0.300,0.541,-0.578
1769,0.305,-0.050,0.150,0.000,0.080,0.000,0.400,0.000,0.000,0.000,0.506,0.370,0.191,0.000,0.297,0.000,0.000,0.152,0.057,0.000,0.000,0.000,0.000,0.000,0.000,0.000,0.242,0.000,0.000,0.000,0.000,0.000,0.000,0.000,0.000,0.000,0.000,0.000,0.000,0.000,0.000,0.000,0.309,0.000,0.309,0.000,0.300,0.541,-0.578
1770,0.305,-0.050,0.150,0.000,0.080,0.000,0.400,0.000,0.000,0.000,0.507,0.371,0.183,0.000,0.292,0.000,0.000,0.152,0.058,0.000,0.000,0.000,0.000,0.000,0.000,0.000,0.259,0.000,0.000,0.000,0.000,0.000,0.000,0.000,0.000,0.000,0.000,0.000,0.000,0.000,0.000,0.000,0.312,0.000,0.312,0.000,0.303,0.541,-0.578
1771,0.304,-0.049,0.150,0.001,0.080,0.000,0.400,0.000,0.000,0.000,0.508,0.372,0.175,0.000,0.287,0.000,0.000,0.153,0.059,0.000,0.000,0.000,0.000,0.000,0.000,0.000,0.278,0.000,0.000,0.000,0.000,0.000,0.000,0.000,0.000,0.000,0.000,0.000,0.000,0.000,0.000,0.000,0.315,0.000,0.315,0.000,0.306,0.541,-0.578
1772,0.303,-0.049,0.150,0.002,0.080,0.000,0.400,0.000,0.000,0.000,0.509,0.373,0.166,0.000,0.281,0.000,0.000,0.154,0.060,0.000,0.000,0.000,0.000,0.000,0.000,0.000,0.294,0.000,0.000,0.000,0.000,0.000,0.000,0.000,0.000,0.000,0.000,0.000,0.000,0.000,0.000,0.000,0.318,0.000,0.318,0.000,0.309,0.541,-0.578
1773,0.301,-0.048,0.150,0.003,0.080,0.000,0.400,0.000,0.000,0.000,0.510,0.374,0.156,0.000,0.275,0.000,0.000,0.154,0.061,0.000,0.000,0.000,0.000,0.000,0.000,0.000,0.300,0.000,0.000,0.000,0.000,0.000,0.000,0.000,0.000,0.000,0.000,0.000,0.000,0.000,0.000,0.000,0.321,0.000,0.321,0.000,0.313,0.541,-0.578
1774,0.299,-0.047,0.150,0.004,0.080,0.000,0.400,0.000,0.000,0.000,0.511,0.375,0.147,0.000,0.270,0.000,0.000,0.155,0.063,0.000,0.000,0.000,0.000,0.000,0.000,0.000,0.300,0.000,0.000,0.000,0.000,0.000,0.000,0.000,0.000,0.000,0.000,0.000,0.000,0.000,0.000,0.000,0.325,0.000,0.325,0.000,0.316,0.541,-0.578
1775,0.296,-0.046,0.150,0.006,0.080,0.000,0.400,0.000,0.000,0.000,0.512,0.376,0.137,0.000,0.264,0.000,0.000,0.156,0.064,0.000,0.000,0.000,0.000,0.000,0.000,0.000,0.300,0.000,0.000,0.000,0.000,0.000,0.000,0.000,0.000,0.000,0.000,0.000,0.000,0.000,0.000,0.000,0.328,0.000,0.328,0.000,0.319,0.541,-0.578
1776,0.292,-0.044,0.150,0.008,0.080,0.000,0.400,0.000,0.000,0.000,0.514,0.377,0.127,0.000,0.257,0.000,0.000,0.156,0.065,0.000,0.000,0.000,0.000,0.000,0.000,0.000,0.300,0.000,0.000,0.000,0.000,0.000,0.000,0.000,0.000,0.000,0.000,0.000,0.000,0.000,0.000,0.000,0.331,0.000,0.331,0.000,0.322,0.541,-0.578
1777,0.288,-0.043,0.150,0.011,0.080,0.000,0.400,0.000,0.000,0.000,0.514,0.378,0.117,0.000,0.251,0.000,0.000,0.157,0.066,0.000,0.000,0.000,0.000,0.000,0.000,0.000,0.300,0.000,0.000,0.000,0.000,0.000,0.000,0.000,0.000,0.000,0.000,0.000,0.000,0.000,0.000,0.000,0.334,0.000,0.334,0.000,0.325,0.541,-0.578
1778,0.284,-0.041,0.150,0.013,0.080,0.000,0.400,0.000,0.000,0.000,0.515,0.379,0.106,0.000,0.245,0.000,0.000,0.157,0.067,0.000,0.000,0.000,0.000,0.000,0.000,0.000,0.300,0.000,0.000,0.000,0.000,0.000,0.000,0.000,0.000,0.000,0.000,0.000,0.000,0.000,0.000,0.000,0.336,0.000,0.336,0.000,0.327,0.541,-0.578
1779,0.279,-0.039,0.150,0.016,0.080,0.000,0.400,0.000,0.000,0.000,0.516,0.380,0.096,0.000,0.238,0.000,0.000,0.158,0.067,0.000,0.000,0.000,0.000,0.000,0.000,0.000,0.300,0.000,0.000,0.000,0.000,0.000,0.000,0.000,0.000,0.000,0.000,0.000,0.000,0.000,0.000,0.000,0.338,0.000,0.338,0.000,0.329,0.541,-0.578
1780,0.273,-0.037,0.150,0.018,0.080,0.000,0.400,0.000,0.000,0.000,0.516,0.380,0.086,0.000,0.232,0.000,0.000,0.158,0.068,0.000,0.000,0.000,0.000,0.000,0.000,0.000,0.300,0.000,0.000,0.000,0.000,0.000,0.000,0.000,0.000,0.000,0.000,0.000,0.000,0.000,0.000,0.000,0.339,0.000,0.339,0.000,0.330,0.541,-0.578
1781,0.267,-0.035,0.150,0.021,0.080,0.000,0.400,0.000,0.000,0.000,0.516,0.380,0.076,0.000,0.225,0.000,0.000,0.158,0.068,0.000,0.000,0.000,0.000,0.000,0.000,0.000,0.300,0.000,0.000,0.000,0.000,0.000,0.000,0.000,0.000,0.000,0.000,0.000,0.000,0.000,0.000,0.000,0.339,0.000,0.339,0.000,0.330,0.541,-0.578
1782,0.260,-0.033,0.150,0.024,0.080,0.000,0.400,0.000,0.000,0.000,0.510,0.379,0.067,0.000,0.219,0.000,0.000,0.157,0.067,0.000,0.000,0.000,0.000,0.000,0.000,0.000,0.300,0.000,0.000,0.000,0.000,0.000,0.000,0.000,0.000,0.000,0.000,0.000,0.000,0.000,0.000,0.000,0.336,0.000,0.336,0.000,0.327,0.541,-0.578
1783,0.253,-0.031,0.150,0.027,0.080,0.000,0.400,0.000,0.000,0.000,0.492,0.376,0.058,0.000,0.212,0.000,0.000,0.155,0.066,0.000,0.000,0.000,0.000,0.000,0.000,0.000,0.300,0.000,0.000,0.000,0.000,0.000,0.000,0.000,0.000,0.000,0.000,0.000,0.000,0.000,0.000,0.000,0.326,0.000,0.326,0.000,0.318,0.541,-0.578
1784,0.245,-0.028,0.150,0.030,0.080,0.000,0.400,0.000,0.000,0.000,0.463,0.372,0.049,0.000,0.206,0.000,0.000,0.152,0.065,0.000,0.000,0.000,0.000,0.000,0.000,0.000,0.300,0.000,0.000,0.000,0.000,0.000,0.000,0.000,0.000,0.000,0.000,0.000,0.000,0.000,0.000,0.000,0.312,0.000,0.312,0.000,0.303,0.541,-0.578
1785,0.236,-0.026,0.150,0.034,0.080,0.000,0.400,0.000,0.000,0.000,0.425,0.366,0.041,0.000,0.199,0.000,0.000,0.149,0.063,0.000,0.000,0.000,0.000,0.000,0.000,0.000,0.300,0.000,0.000,0.000,0.000,0.000,0.000,0.000,0.000,0.000,0.000,0.000,0.000,0.000,0.000,0.000,0.294,0.000,0.294,0.000,0.286,0.541,-0.578
1786,0.227,-0.024,0.150,0.037,0.080,0.000,0.400,0.000,0.000,0.000,0.380,0.360,0.033,0.000,0.193,0.000,0.000,0.145,0.061,0.000,0.000,0.000,0.000,0.000,0.129,0.000,0.300,0.000,0.000,0.000,0.000,0.000,0.000,0.000,0.000,0.000,0.000,0.000,0.000,0.000,0.000,0.000,0.273,0.000,0.273,0.000,0.265,0.541,-0.578
1787,0.218,-0.021,0.150,0.040,0.080,0.000,0.400,0.000,0.000,0.000,0.330,0.353,0.026,0.000,0.186,0.000,0.000,0.141,0.059,0.000,0.000,0.000,0.000,0.000,0.414,0.000,0.300,0.000,0.000,0.000,0.000,0.000,0.000,0.000,0.000,0.000,0.000,0.000,0.000,0.000,0.000,0.000,0.250,0.000,0.250,0.000,0.243,0.541,-0.578
1788,0.204,-0.019,0.150,0.043,0.080,0.000,0.400,0.000,0.000,0.000,0.276,0.346,0.019,0.000,0.180,0.000,0.000,0.138,0.057,0.000,0.000,0.000,0.000,0.000,0.699,0.000,0.300,0.000,0.000,0.000,0.000,0.000,0.000,0.000,0.000,0.000,0.000,0.000,0.000,0.000,0.000,0.000,0.226,0.000,0.226,0.000,0.220,0.541,-0.578
1789,0.186,-0.016,0.150,0.046,0.080,0.000,0.400,0.000,0.000,0.000,0.221,0.332,0.014,0.000,0.174,0.000,0.000,0.135,0.055,0.000,0.000,0.000,0.000,0.000,0.828,0.000,0.300,0.000,0.000,0.000,0.000,0.000,0.000,0.000,0.000,0.000,0.000,0.000,0.000,0.000,0.000,0.000,0.204,0.000,0.204,0.000,0.198,0.541,-0.578
1790,0.164,-0.014,0.150,0.049,0.080,0.000,0.400,0.000,0.000,0.000,0.169,0.305,0.009,0.000,0.168,0.000,0.000,0.133,0.053,0.000,0.000,0.000,0.000,0.000,0.827,0.000,0.300,0.000,0.000,0.000,0.000,0.000,0.000,0.000,0.000,0.000,0.000,0.000,0.000,0.000,0.000,0.000,0.183,0.000,0.183,0.000,0.178,0.541,-0.578
1791,0.139,-0.012,0.150,0.052,0.080,0.000,0.400,0.000,0.000,0.000,0.121,0.272,0.005,0.000,0.162,0.000,0.000,0.131,0.051,0.000,0.000,0.000,0.000,0.000,0.824,0.000,0.300,0.000,0.000,0.000,0.000,0.000,0.000,0.000,0.000,0.000,0.000,0.000,0.000,0.000,0.000,0.000,0.164,0.000,0.164,0.000,0.160,0.541,-0.578
1792,0.113,-0.009,0.150,0.054,0.080,0.000,0.400,0.000,0.000,0.000,0.083,0.238,0.002,0.000,0.156,0.000,0.000,0.130,0.050,0.000,0.000,0.000,0.000,0.000,0.818,0.000,0.300,0.000,0.000,0.000,0.000,0.000,0.000,0.000,0.000,0.000,0.000,0.000,0.000,0.000,0.000,0.000,0.150,0.000,0.150,0.000,0.146,0.541,-0.578
1793,0.088,-0.007,0.149,0.057,0.080,0.000,0.400,0.000,0.000,0.000,0.058,0.207,0.001,0.000,0.150,0.000,0.000,0.129,0.049,0.000,0.000,0.000,0.000,0.000,0.809,0.000,0.300,0.000,0.000,0.000,0.000,0.000,0.000,0.000,0.000,0.000,0.000,0.000,0.000,0.000,0.000,0.000,0.140,0.000,0.140,0.000,0.136,0.541,-0.578
1794,0.066,-0.005,0.145,0.059,0.080,0.000,0.400,0.000,0.000,0.000,0.048,0.186,0.000,0.000,0.145,0.000,0.052,0.129,0.048,0.000,0.000,0.000,0.000,0.000,0.795,0.000,0.326,0.000,0.000,0.000,0.000,0.000,0.000,0.000,0.000,0.000,0.000,0.000,0.000,0.000,0.000,0.000,0.137,0.000,0.137,0.000,0.133,0.541,-0.578
1795,0.047,-0.003,0.139,0.061,0.080,0.000,0.400,0.000,0.000,0.000,0.048,0.178,0.000,0.000,0.140,0.000,0.148,0.129,0.048,0.000,0.000,0.000,0.000,0.000,0.777,0.000,0.374,0.000,0.000,0.000,0.000,0.000,0.000,0.000,0.000,0.000,0.000,0.000,0.000,0.000,0.000,0.000,0.137,0.000,0.137,0.000,0.133,0.541,-0.578
1796,0.032,-0.001,0.132,0.063,0.080,0.000,0.400,0.000,0.000,0.000,0.048,0.191,0.000,0.000,0.135,0.000,0.200,0.129,0.048,0.000,0.000,0.000,0.000,0.000,0.754,0.000,0.400,0.000,0.000,0.000,0.000,0.000,0.000,0.000,0.000,0.000,0.000,0.000,0.000,0.000,0.000,0.000,0.137,0.000,0.137,0.000,0.133,0.541,-0.578
1797,0.020,0.001,0.123,0.064,0.080,0.000,0.400,0.000,0.000,0.000,0.048,0.224,0.000,0.000,0.130,0.000,0.193,0.129,0.048,0.000,0.000,0.000,0.000,0.000,0.724,0.000,0.386,0.000,0.000,0.000,0.000,0.000,0.000,0.000,0.000,0.000,0.000,0.000,0.000,0.000,0.000,0.000,0.137,0.000,0.137,0.000,0.133,0.541,-0.578
1798,0.011,0.003,0.112,0.066,0.080,0.000,0.400,0.000,0.000,0.000,0.049,0.269,0.000,0.000,0.126,0.000,0.175,0.129,0.049,0.000,0.000,0.000,0.000,0.000,0.688,0.000,0.350,0.000,0.000,0.000,0.000,0.021,0.000,0.000,0.000,0.000,0.000,0.000,0.000,0.000,0.000,0.000,0.138,0.000,0.138,0.000,0.134,-0.458,-0.578
1799,0.006,0.004,0.101,0.066,0.080,0.000,0.400,0.000,0.000,0.000,0.049,0.318,0.000,0.000,0.122,0.000,0.148,0.130,0.049,0.000,0.000,0.000,0.000,0.000,0.645,0.000,0.296,0.000,0.000,0.000,0.000,0.071,0.000,0.000,0.000,0.000,0.000,0.000,0.000,0.000,0.000,0.000,0.138,0.000,0.138,0.000,0.134,-1.000,-0.578
1800,0.004,0.006,0.088,0.067,0.080,0.000,0.400,0.000,0.000,0.000,0.049,0.363,0.000,0.000,0.118,0.000,0.117,0.130,0.049,0.000,0.000,0.000,0.000,0.000,0.594,0.000,0.233,0.000,0.000,0.000,0.000,0.131,0.000,0.000,0.000,0.000,0.000,0.000,0.000,0.000,0.000,0.000,0.139,0.000,0.139,0.000,0.135,-1.000,-0.578
1801,0.033,0.007,0.076,0.067,0.080,0.000,0.400,0.000,0.000,0.000,0.050,0.396,0.000,0.000,0.114,0.000,0.083,0.130,0.050,0.000,0.000,0.000,0.000,0.000,0.470,0.000,0.167,0.000,0.000,0.000,0.000,0.181,0.000,0.000,0.000,0.000,0.000,0.000,0.000,0.000,0.000,0.000,0.140,0.000,0.140,0.000,0.136,-1.000,-0.578
1802,0.100,0.008,0.062,0.066,0.080,0.000,0.400,0.000,0.000,0.000,0.050,0.410,0.000,0.000,0.111,0.000,0.052,0.130,0.050,0.000,0.000,0.000,0.000,0.000,0.269,0.000,0.104,0.000,0.000,0.000,0.000,0.203,0.000,0.000,0.000,0.000,0.000,0.000,0.000,0.000,0.000,0.000,0.142,0.000,0.142,0.000,0.138,-1.000,-0.578
1803,0.182,0.009,0.049,0.061,0.080,0.000,0.400,0.000,0.000,0.000,0.051,0.408,0.000,0.000,0.108,0.000,0.025,0.131,0.051,0.000,0.000,0.000,0.000,-0.049,0.082,0.000,0.050,0.000,0.000,0.000,0.000,0.191,0.000,0.000,0.000,0.000,0.000,0.000,0.000,0.000,0.000,0.000,0.144,0.000,0.144,0.000,0.140,-0.518,-0.578
1804,0.252,0.009,0.037,0.055,0.080,0.000,0.400,0.000,0.000,0.000,0.068,0.419,0.000,0.000,0.106,0.000,0.007,0.141,0.068,0.000,0.000,0.000,0.000,-0.140,0.000,0.000,0.014,0.000,0.000,0.000,0.000,0.162,0.000,0.000,0.000,0.000,0.000,0.000,0.000,0.000,0.000,0.000,0.191,0.000,0.191,0.000,0.186,0.127,-0.578
1805,0.284,0.010,0.024,0.047,0.080,0.000,0.400,0.000,0.000,0.000,0.097,0.439,0.000,0.000,0.104,0.000,0.000,0.159,0.097,0.000,0.000,0.000,0.000,-0.190,0.000,0.000,0.000,0.000,0.000,0.000,0.000,0.123,0.000,0.000,0.000,0.000,0.000,0.000,0.000,0.000,0.000,0.000,0.276,0.000,0.276,0.000,0.268,0.420,-0.578
1806,0.288,0.010,0.013,0.038,0.080,0.000,0.400,0.000,0.000,0.000,0.113,0.445,0.000,0.000,0.102,0.012,0.000,0.169,0.126,0.023,0.000,0.000,0.000,-0.190,0.000,0.000,0.000,0.000,0.000,0.000,0.000,0.080,0.000,0.000,0.000,0.000,0.000,0.000,0.000,0.000,0.000,0.000,0.322,0.000,0.322,0.000,0.315,0.420,-0.578
1807,0.289,0.006,0.002,0.029,0.080,0.000,0.400,0.000,0.000,0.000,0.113,0.435,0.000,0.000,0.101,0.128,0.000,0.169,0.158,0.077,0.000,0.000,0.014,-0.120,0.000,0.000,0.000,0.000,0.000,0.000,0.000,0.040,0.000,0.000,0.000,0.000,0.000,0.000,0.000,0.000,0.000,0.000,0.325,0.000,0.325,0.000,0.323,0.420,-0.578
1808,0.289,-0.006,-0.007,0.020,0.080,0.000,0.400,0.000,0.000,0.000,0.113,0.426,0.000,0.000,0.100,0.249,0.000,0.169,0.195,0.139,0.000,0.000,0.029,-0.001,0.000,0.000,0.000,0.000,0.000,0.000,0.000,0.011,0.000,0.000,0.000,0.000,0.000,0.000,0.000,0.000,0.000,0.000,0.329,0.000,0.329,0.000,0.331,0.420,-0.578
1809,0.274,-0.020,-0.014,0.012,0.080,0.000,0.400,0.000,0.000,0.000,0.084,0.391,0.000,0.000,0.100,0.284,0.000,0.151,0.200,0.189,0.000,0.000,0.029,0.090,0.000,0.000,0.000,0.000,0.000,0.000,0.000,0.000,0.000,0.000,0.000,0.000,0.000,0.000,0.000,0.000,0.000,0.000,0.253,0.000,0.253,0.000,0.261,0.420,-0.578
1810,0.238,-0.034,-0.020,0.006,0.080,0.000,0.400,0.000,0.000,0.000,0.029,0.333,0.000,0.000,0.100,0.312,0.000,0.118,0.165,0.209,0.000,0.000,0.029,0.139,0.000,0.000,0.000,0.000,0.000,0.000,0.000,0.000,0.000,0.000,0.000,0.000,0.000,0.000,0.000,0.000,0.000,0.000,0.108,0.000,0.108,0.000,0.122,0.420,-0.578
1811,0.195,-0.046,-0.024,0.002,0.080,0.000,0.400,0.000,0.000,0.000,0.000,0.304,0.000,0.000,0.100,0.322,0.000,0.100,0.139,0.209,0.042,0.026,0.071,0.166,0.065,0.000,0.000,0.000,0.000,0.000,0.000,0.000,0.000,0.000,0.000,0.000,0.000,0.000,0.000,0.000,0.000,0.000,0.054,0.000,0.054,0.000,0.070,0.420,-0.578
1812,0.160,-0.050,-0.025,0.000,0.080,0.000,0.400,0.000,0.000,0.000,0.000,0.304,0.000,0.000,0.100,0.214,0.000,0.100,0.073,0.109,0.120,0.075,0.141,0.178,0.185,0.000,0.000,0.000,0.000,0.000,0.000,0.000,0.000,0.000,0.000,0.000,0.000,0.000,0.000,0.000,0.000,0.000,0.090,0.000,0.090,0.000,0.096,0.420,-0.578
1813,0.145,-0.049,-0.025,0.000,0.080,0.000,0.399,0.003,0.002,0.000,0.000,0.304,0.000,0.000,0.100,0.056,0.000,0.100,0.003,0.000,0.162,0.101,0.169,0.137,0.250,0.000,0.000,0.000,0.000,0.000,0.000,0.000,0.000,0.000,0.000,0.000,0.000,0.000,0.047,0.000,0.000,0.000,0.100,0.000,0.100,0.000,0.097,0.420,-0.578
1814,0.154,-0.046,-0.025,0.000,0.080,0.000,0.397,0.013,0.006,0.000,0.529,0.304,0.000,0.000,0.100,0.000,0.000,0.141,0.000,0.000,0.162,0.101,0.162,0.101,0.125,0.000,0.000,0.000,0.000,0.000,0.000,0.000,0.000,0.000,0.000,0.000,0.000,0.000,0.134,0.000,0.000,0.000,0.221,0.000,0.221,0.000,0.215,0.420,-0.578
1815,0.178,-0.042,-0.025,0.000,0.080,0.000,0.394,0.025,0.013,0.000,0.769,0.304,0.000,0.000,0.100,0.000,0.000,0.245,0.000,0.000,0.081,0.051,0.081,0.051,0.000,0.000,0.000,0.000,0.000,0.000,0.000,0.000,0.000,0.000,0.000,0.000,0.000,0.000,0.180,0.000,0.000,0.000,0.227,0.000,0.227,0.000,0.220,0.420,-0.578
1816,0.211,-0.037,-0.025,0.000,0.080,0.000,0.390,0.040,0.022,0.000,0.769,0.300,0.000,0.000,0.100,0.000,0.000,0.245,0.000,0.000,0.000,0.000,0.000,0.000,0.000,0.000,0.000,0.000,0.000,0.000,0.000,0.000,0.000,0.000,0.000,0.000,0.000,0.000,0.180,0.000,0.000,0.000,0.179,0.000,0.179,0.000,0.174,0.420,-0.578
1817,0.246,-0.031,-0.025,0.000,0.080,0.000,0.385,0.055,0.034,0.000,0.867,0.306,0.000,0.000,0.100,0.022,0.000,0.187,0.007,0.008,0.003,0.000,0.000,0.000,0.000,0.000,0.000,0.000,0.000,0.000,0.000,0.000,0.000,0.000,0.000,0.000,0.000,0.000,0.180,0.000,0.000,0.000,0.221,0.000,0.221,0.000,0.214,0.405,-0.578
1818,0.279,-0.025,-0.025,0.000,0.080,0.000,0.379,0.067,0.047,0.000,0.844,0.326,0.000,0.000,0.100,0.074,0.000,0.137,0.032,0.032,0.011,0.000,0.000,0.000,0.000,0.000,0.000,0.000,0.000,0.000,0.000,0.000,0.000,0.000,0.000,0.000,0.000,0.000,0.180,0.000,0.000,0.000,0.275,0.000,0.275,0.000,0.268,0.371,-0.578
1819,0.303,-0.019,-0.025,0.000,0.080,0.000,0.373,0.077,0.062,0.000,0.753,0.344,0.000,0.000,0.100,0.128,0.000,0.167,0.066,0.064,0.018,0.000,0.001,0.000,0.000,0.000,0.000,0.000,0.000,0.000,0.000,0.000,0.000,0.000,0.000,0.000,0.000,0.000,0.180,0.000,0.000,0.000,0.338,0.000,0.338,0.000,0.329,0.337,-0.578
1820,0.313,-0.013,-0.025,0.000,0.080,0.000,0.366,0.080,0.078,0.000,0.821,0.340,0.000,0.000,0.100,0.153,0.000,0.191,0.084,0.080,0.022,0.000,0.002,0.000,0.000,0.000,0.000,0.000,0.000,0.000,0.000,0.000,0.000,0.000,0.000,0.000,0.000,0.000,0.180,0.000,0.000,0.000,0.401,0.000,0.401,0.000,0.390,0.321,-0.525
1821,0.313,-0.008,-0.025,0.000,0.080,0.000,0.359,0.077,0.095,0.000,0.821,0.320,0.000,0.000,0.100,0.189,0.000,0.191,0.084,0.080,0.022,0.000,0.008,0.029,0.000,0.000,0.000,0.000,0.000,0.000,0.000,0.000,0.000,0.000,0.000,0.000,0.000,0.000,0.179,0.000,0.000,0.000,0.401,0.000,0.401,0.000,0.390,0.335,-0.392
1822,0.313,-0.004,-0.025,0.000,0.080,0.000,0.351,0.070,0.113,0.000,0.723,0.271,0.000,0.000,0.100,0.265,0.000,0.159,0.084,0.080,0.022,0.000,0.020,0.088,0.000,0.000,0.000,0.000,0.000,0.000,0.000,0.000,0.000,0.000,0.000,0.000,0.000,0.000,0.174,0.000,0.000,0.000,0.323,0.000,0.323,0.000,0.314,0.372,-0.217
1823,0.313,-0.001,-0.025,0.000,0.080,0.000,0.343,0.059,0.131,0.000,0.416,0.193,0.001,0.000,0.100,0.324,0.000,0.114,0.084,0.080,0.181,0.000,0.029,0.134,0.000,0.000,0.000,0.000,0.000,0.000,0.000,0.000,0.000,0.000,0.000,0.000,0.000,0.000,0.167,0.000,0.000,0.000,0.218,0.000,0.218,0.000,0.212,0.421,-0.041
1824,0.313,0.000,-0.025,0.000,0.080,0.000,0.335,0.047,0.149,0.000,0.120,0.134,0.005,0.000,0.100,0.339,0.000,0.101,0.084,0.080,0.332,0.000,0.032,0.146,0.000,0.000,0.000,0.000,0.000,0.000,0.000,0.000,0.000,0.000,0.000,0.000,0.000,0.000,0.159,0.000,0.000,0.000,0.158,0.000,0.158,0.000,0.154,0.475,0.099
1825,0.307,0.000,-0.025,0.000,0.080,0.000,0.327,0.033,0.167,0.000,0.037,0.114,0.005,0.000,0.100,0.324,0.000,0.100,0.084,0.080,0.332,0.000,0.029,0.134,0.000,0.000,0.000,0.000,0.000,0.000,0.000,0.000,0.000,0.000,0.000,0.000,0.000,0.000,0.150,0.000,0.000,0.000,0.133,0.000,0.133,0.000,0.130,0.525,0.163
1826,0.291,0.000,-0.025,0.000,0.080,0.000,0.320,0.021,0.185,0.000,0.090,0.127,0.005,0.000,0.100,0.294,0.000,0.100,0.093,0.090,0.384,0.033,0.075,0.133,0.000,0.000,0.000,0.000,0.000,0.000,0.000,0.000,0.000,0.000,0.000,0.000,0.000,0.000,0.140,0.000,0.000,0.000,0.161,0.000,0.161,0.000,0.158,0.561,0.170
1827,0.266,0.000,-0.025,0.000,0.080,0.000,0.312,0.010,0.202,0.000,0.319,0.212,0.001,0.000,0.100,0.265,0.000,0.128,0.157,0.111,0.286,0.065,0.118,0.123,0.000,0.000,0.000,0.000,0.000,0.000,0.000,0.000,0.000,0.000,0.000,0.000,0.000,0.000,0.131,0.000,0.000,0.000,0.293,0.000,0.293,0.000,0.285,0.576,0.167
1828,0.236,0.000,-0.025,0.000,0.080,0.000,0.305,0.003,0.218,0.000,0.592,0.355,0.000,0.000,0.100,0.253,0.000,0.179,0.252,0.122,0.099,0.048,0.087,0.086,0.000,0.000,0.000,0.000,0.000,0.000,0.000,0.000,0.000,0.000,0.000,0.000,0.000,0.000,0.123,0.000,0.000,0.000,0.479,0.000,0.479,0.000,0.466,0.576,0.154
1829,0.203,0.000,-0.025,0.000,0.080,0.000,0.299,0.000,0.233,0.000,0.723,0.474,0.000,0.000,0.100,0.169,0.000,0.207,0.243,0.073,0.038,0.017,0.035,0.055,0.000,0.000,0.000,0.000,0.000,0.000,0.000,0.000,0.000,0.000,0.000,0.000,0.000,0.000,0.116,0.000,0.000,0.000,0.558,0.000,0.558,0.000,0.543,0.576,0.132
1830,0.169,0.000,-0.025,0.000,0.080,0.000,0.293,0.000,0.246,0.000,0.637,0.556,0.000,0.000,0.100,0.081,0.000,0.207,0.203,0.031,0.000,0.000,0.008,0.038,0.000,0.000,0.000,0.000,0.000,0.000,0.000,0.000,0.000,0.000,0.000,0.000,0.000,0.000,0.112,0.000,0.000,0.000,0.516,0.000,0.516,0.000,0.502,0.576,0.104
1831,0.135,0.000,-0.025,0.000,0.080,0.000,0.288,0.000,0.258,0.000,0.449,0.638,0.000,0.000,0.100,0.064,0.000,0.207,0.190,0.016,0.000,0.000,0.008,0.038,0.000,0.000,0.000,0.000,0.000,0.000,0.000,0.000,0.000,0.000,0.000,0.000,0.000,0.000,0.110,0.000,0.000,0.000,0.507,0.000,0.507,0.000,0.494,0.576,0.071
1832,0.105,0.000,-0.025,0.000,0.080,0.000,0.284,0.000,0.267,0.000,0.187,0.643,0.000,0.000,0.100,0.053,0.000,0.161,0.105,0.004,0.130,0.036,0.066,0.074,0.000,0.000,0.000,0.000,0.000,0.000,0.000,0.000,0.000,0.000,0.000,0.000,0.000,0.000,0.110,0.000,0.000,0.000,0.345,0.000,0.345,0.000,0.335,0.576,0.033
1833,0.081,0.000,-0.025,0.000,0.080,0.000,0.281,0.000,0.274,0.000,0.027,0.634,0.001,0.000,0.100,0.048,0.000,0.116,0.027,0.000,0.259,0.072,0.124,0.110,0.000,0.000,0.000,0.000,0.000,0.000,0.000,0.000,0.000,0.000,0.000,0.000,0.000,0.000,0.110,0.000,0.000,0.000,0.185,0.000,0.185,0.000,0.180,0.576,-0.008
1834,0.065,0.000,-0.025,0.000,0.080,0.000,0.279,0.000,0.278,0.000,0.027,0.687,0.001,0.000,0.099,0.048,0.000,0.117,0.028,0.000,0.259,0.072,0.124,0.110,0.000,0.000,0.000,0.000,0.000,0.000,0.000,0.000,0.000,0.000,0.000,0.000,0.000,0.000,0.110,0.000,0.000,0.000,0.185,0.000,0.185,0.000,0.180,0.576,-0.051
1835,0.059,0.000,-0.025,0.000,0.080,0.000,0.278,0.000,0.280,0.000,0.176,0.754,0.000,0.000,0.099,0.048,0.000,0.132,0.087,0.000,0.130,0.036,0.066,0.074,0.000,0.000,0.000,0.000,0.000,0.000,0.000,0.000,0.000,0.000,0.000,0.000,0.000,0.000,0.110,0.000,0.000,0.000,0.300,0.000,0.300,0.000,0.292,0.575,-0.094
1836,0.059,0.000,-0.025,0.000,0.080,0.000,0.278,0.000,0.280,0.000,0.314,0.808,0.000,0.000,0.098,0.048,0.000,0.151,0.147,0.000,0.000,0.000,0.008,0.038,0.000,0.000,0.000,0.000,0.000,0.000,0.000,0.000,0.000,0.000,0.000,0.000,0.000,0.000,0.110,0.000,0.000,0.000,0.413,0.000,0.413,0.000,0.402,0.575,-0.136
1837,0.059,0.000,-0.025,0.000,0.080,0.000,0.278,0.000,0.280,0.000,0.314,0.820,0.000,0.000,0.097,0.048,0.000,0.152,0.130,0.000,0.000,0.000,0.008,0.038,0.000,0.000,0.000,0.000,0.000,0.000,0.000,0.000,0.000,0.000,0.000,0.000,0.000,0.000,0.110,0.000,0.000,0.000,0.374,0.000,0.374,0.000,0.364,0.575,-0.177
1838,0.059,0.000,-0.025,0.000,0.080,0.000,0.278,0.000,0.280,0.000,0.296,0.787,0.000,0.000,0.097,0.048,0.000,0.141,0.078,0.000,0.000,0.000,0.008,0.038,0.000,0.000,0.000,0.000,0.000,0.000,0.000,0.000,0.000,0.000,0.000,0.000,0.000,0.000,0.110,0.000,0.000,0.000,0.248,0.000,0.248,0.000,0.241,0.575,-0.213
1839,0.059,0.000,-0.025,0.000,0.080,0.000,0.278,0.000,0.280,0.000,0.581,0.724,0.000,0.000,0.096,0.048,0.000,0.144,0.027,0.000,0.000,0.000,0.008,0.038,0.000,0.000,0.000,0.000,0.000,0.000,0.000,0.000,0.000,0.000,0.000,0.000,0.000,0.000,0.110,0.000,0.000,0.000,0.191,0.000,0.191,0.000,0.185,0.575,-0.246
1840,0.059,0.000,-0.025,0.000,0.080,0.000,0.278,0.000,0.280,0.000,0.650,0.659,0.000,0.000,0.094,0.048,0.000,0.136,0.011,0.000,0.000,0.000,0.008,0.038,0.000,0.000,0.000,0.000,0.000,0.000,0.000,0.000,0.000,0.000,0.000,0.000,0.000,0.000,0.110,0.000,0.000,0.000,0.165,0.000,0.165,0.000,0.160,0.575,-0.272
1841,0.059,0.000,-0.025,0.000,0.080,0.000,0.278,0.000,0.280,0.000,0.650,0.597,0.000,0.000,0.093,0.048,0.000,0.136,0.013,0.000,0.000,0.000,0.008,0.038,0.000,0.000,0.000,0.000,0.000,0.000,0.000,0.000,0.000,0.000,0.000,0.000,0.000,0.000,0.110,0.000,0.000,0.000,0.165,0.000,0.165,0.000,0.160,0.575,-0.290
1842,0.059,0.000,-0.025,0.000,0.080,0.000,0.278,0.000,0.280,0.000,0.650,0.535,0.000,0.000,0.092,0.048,0.000,0.137,0.015,0.000,0.000,0.000,0.008,0.038,0.000,0.000,0.000,0.000,0.000,0.000,0.000,0.000,0.000,0.000,0.000,0.000,0.000,0.000,0.110,0.000,0.000,0.000,0.165,0.000,0.165,0.000,0.160,0.575,-0.305
1843,0.059,0.000,-0.025,0.000,0.080,0.000,0.278,0.000,0.280,0.000,0.518,0.480,0.000,0.000,0.090,0.048,0.000,0.122,0.018,0.000,0.000,0.000,0.008,0.038,0.000,0.000,0.000,0.000,0.000,0.000,0.000,0.000,0.000,0.000,0.000,0.000,0.000,0.000,0.110,0.000,0.000,0.000,0.134,0.000,0.134,0.000,0.130,0.575,-0.317
1844,0.059,0.000,-0.025,0.000,0.080,0.000,0.278,0.000,0.280,0.000,0.360,0.442,0.000,0.000,0.089,0.048,0.000,0.113,0.021,0.000,0.000,0.000,0.008,0.038,0.000,0.000,0.000,0.000,0.000,0.000,0.000,0.000,0.000,0.000,0.000,0.000,0.000,0.000,0.110,0.000,0.000,0.000,0.096,0.000,0.096,0.000,0.093,0.575,-0.329
1845,0.059,0.000,-0.025,0.000,0.080,0.000,0.278,0.000,0.280,0.000,0.360,0.427,0.000,0.000,0.087,0.092,0.000,0.114,0.024,0.000,0.000,0.000,0.015,0.072,0.000,0.000,0.000,0.000,0.000,0.000,0.000,0.000,0.000,0.000,0.000,0.000,0.000,0.000,0.110,0.000,0.000,0.000,0.096,0.000,0.096,0.000,0.093,0.574,-0.339
1846,0.059,0.000,-0.025,0.000,0.080,0.000,0.278,0.000,0.280,0.000,0.360,0.427,0.000,0.000,0.086,0.197,0.000,0.115,0.064,0.022,0.000,0.000,0.028,0.137,0.000,0.000,0.000,0.000,0.000,0.000,0.000,0.000,0.000,0.000,0.000,0.000,0.000,0.000,0.110,0.000,0.000,0.000,0.147,0.000,0.147,0.000,0.143,0.574,-0.349
1847,0.059,0.000,-0.025,0.000,0.080,0.000,0.278,0.000,0.280,0.000,0.423,0.446,0.000,0.000,0.084,0.265,0.000,0.127,0.136,0.043,0.000,0.000,0.035,0.171,0.000,0.000,0.000,0.000,0.000,0.000,0.000,0.000,0.000,0.000,0.000,0.000,0.000,0.000,0.110,0.000,0.000,0.000,0.293,0.000,0.293,0.000,0.285,0.574,-0.357
1848,0.059,0.000,-0.025,0.000,0.080,0.000,0.278,0.000,0.280,0.000,0.478,0.469,0.000,0.000,0.082,0.265,0.000,0.140,0.174,0.043,0.000,0.000,0.035,0.171,0.000,0.000,0.000,0.000,0.000,0.000,0.000,0.000,0.000,0.000,0.000,0.000,0.000,0.000,0.110,0.000,0.000,0.000,0.394,0.000,0.394,0.000,0.384,0.574,-0.364
1849,0.059,0.000,-0.025,0.000,0.080,0.000,0.278,0.000,0.280,0.000,0.426,0.466,0.000,0.000,0.080,0.265,0.000,0.137,0.170,0.043,0.000,0.000,0.035,0.171,0.000,0.000,0.000,0.000,0.000,0.000,0.000,0.000,0.000,0.000,0.000,0.000,0.000,0.000,0.110,0.000,0.000,0.000,0.366,0.000,0.366,0.000,0.356,0.574,-0.371
1850,0.059,0.000,-0.025,0.000,0.080,0.000,0.278,0.000,0.280,0.000,0.362,0.452,0.006,0.000,0.078,0.209,0.000,0.129,0.150,0.043,0.000,0.000,0.026,0.127,0.000,0.000,0.000,0.000,0.000,0.000,0.000,0.006,0.000,0.000,0.000,0.000,0.000,0.000,0.110,0.000,0.000,0.000,0.293,0.000,0.293,0.000,0.285,0.573,-0.376
1851,0.059,0.000,-0.025,0.000,0.080,0.000,0.278,0.000,0.280,0.000,0.189,0.432,0.022,0.000,0.076,0.079,0.000,0.118,0.109,0.022,0.000,0.000,0.009,0.045,0.000,0.000,0.000,0.000,0.000,0.000,0.000,0.023,0.000,0.000,0.000,0.000,0.000,0.000,0.110,0.000,0.000,0.000,0.162,0.000,0.162,0.000,0.158,0.573,-0.381
1852,0.059,0.000,-0.025,0.000,0.080,0.000,0.278,0.000,0.280,0.000,0.000,0.420,0.046,0.000,0.074,0.000,0.000,0.117,0.075,0.000,0.000,0.000,0.070,0.089,0.167,0.000,0.000,0.000,0.000,0.000,0.000,0.048,0.000,0.000,0.000,0.000,0.000,0.000,0.110,0.000,0.000,0.000,0.090,0.000,0.090,0.000,0.087,0.573,-0.385
1853,0.059,0.000,-0.025,0.000,0.080,0.000,0.278,0.000,0.280,0.000,0.018,0.442,0.076,0.000,0.072,0.000,0.000,0.129,0.080,0.000,0.000,0.000,0.141,0.178,0.335,0.000,0.000,0.000,0.000,0.000,0.000,0.080,0.000,0.000,0.000,0.000,0.000,0.000,0.110,0.000,0.000,0.000,0.140,0.000,0.140,0.000,0.136,0.572,-0.389
1854,0.059,0.000,-0.025,0.000,0.080,0.000,0.278,0.000,0.280,0.000,0.050,0.479,0.110,0.000,0.070,0.000,0.000,0.150,0.128,0.000,0.000,0.000,0.070,0.089,0.167,0.000,0.000,0.000,0.000,0.000,0.000,0.117,0.000,0.000,0.000,0.000,0.000,0.000,0.110,0.000,0.000,0.000,0.219,0.000,0.219,0.000,0.213,0.572,-0.391
1855,0.059,0.000,-0.025,0.000,0.080,0.000,0.278,0.000,0.280,0.000,0.068,0.502,0.144,0.000,0.068,0.000,0.000,0.163,0.172,0.000,0.000,0.000,0.000,0.000,0.000,0.000,0.000,0.000,0.000,0.000,0.000,0.157,0.000,0.000,0.000,0.000,0.000,0.000,0.110,0.000,0.000,0.000,0.283,0.000,0.283,0.000,0.275,0.571,-0.393
1856,0.059,0.000,-0.025,0.000,0.080,0.000,0.278,0.001,0.280,0.000,0.068,0.508,0.178,0.000,0.065,0.000,0.000,0.164,0.200,0.000,0.000,0.000,0.000,0.000,0.000,0.000,0.000,0.000,0.000,0.000,0.000,0.197,0.000,0.000,0.000,0.000,0.000,0.000,0.110,0.000,0.000,0.000,0.331,0.000,0.331,0.000,0.322,0.571,-0.395
1857,0.044,0.000,-0.025,0.000,0.080,0.000,0.278,0.005,0.280,0.000,0.068,0.514,0.208,0.000,0.063,0.000,0.000,0.166,0.214,0.000,0.000,0.000,0.000,0.000,0.000,0.000,0.000,0.000,0.000,0.000,0.000,0.236,0.000,0.000,0.000,0.000,0.000,0.000,0.110,0.000,0.000,0.000,0.353,0.000,0.353,0.000,0.344,0.570,-0.396
1858,0.015,0.000,-0.025,0.000,0.080,0.000,0.278,0.011,0.273,0.000,0.068,0.518,0.232,0.000,0.061,0.000,0.000,0.167,0.215,0.000,0.000,0.000,0.000,0.000,0.000,0.000,0.000,0.000,0.000,0.000,0.000,0.272,0.000,0.000,0.000,0.000,0.000,0.000,0.110,0.000,0.000,0.000,0.346,0.000,0.346,0.000,0.337,0.231,-0.397
1859,0.000,0.000,-0.025,0.000,0.080,0.000,0.278,0.018,0.256,0.000,0.050,0.504,0.248,0.000,0.058,0.000,0.000,0.158,0.202,0.000,0.000,0.000,0.000,0.000,0.000,0.000,0.000,0.000,0.000,0.000,0.000,0.303,0.000,0.000,0.000,0.000,0.000,0.000,0.110,0.000,0.000,0.000,0.296,0.000,0.296,0.000,0.288,-0.398,-0.398
1860,0.000,0.000,-0.025,0.077,0.080,0.000,0.278,0.026,0.229,0.000,0.018,0.474,0.254,0.000,0.056,0.000,0.000,0.140,0.174,0.000,0.000,0.000,0.000,0.000,0.000,0.000,0.000,0.000,0.000,0.000,0.000,0.326,0.000,0.000,0.000,0.000,0.000,0.000,0.110,0.000,0.000,0.000,0.203,0.000,0.203,0.000,0.198,-0.737,-0.398
1861,0.000,0.000,-0.025,0.220,0.080,0.000,0.278,0.035,0.196,0.000,0.000,0.458,0.254,0.000,0.054,0.000,0.000,0.131,0.161,0.000,0.000,0.000,0.000,0.000,0.000,0.000,0.000,0.000,0.000,0.000,0.000,0.342,0.000,0.000,0.000,0.000,0.000,0.000,0.110,0.000,0.000,0.000,0.154,0.000,0.154,0.000,0.149,-0.737,-0.399
1862,0.029,0.000,-0.025,0.297,0.080,0.000,0.278,0.043,0.159,0.000,0.000,0.458,0.254,0.000,0.051,0.000,0.000,0.132,0.165,0.000,0.000,0.000,0.000,0.000,0.000,0.000,0.000,0.000,0.000,0.000,0.000,0.353,0.000,0.000,0.000,0.000,0.000,0.000,0.110,0.000,0.000,0.000,0.154,0.000,0.154,0.000,0.149,-0.737,-0.399
1863,0.099,0.000,-0.025,0.292,0.080,0.000,0.278,0.050,0.121,0.000,0.000,0.458,0.254,0.000,0.049,0.000,0.000,0.134,0.170,0.000,0.000,0.000,0.000,0.000,0.000,0.000,0.000,0.000,0.000,0.000,0.000,0.360,0.000,0.000,0.000,0.000,0.000,0.000,0.110,0.000,0.000,0.000,0.154,0.000,0.154,0.000,0.149,-0.549,-0.399
1864,0.182,0.000,-0.025,0.277,0.080,0.000,0.278,0.056,0.084,0.000,0.000,0.458,0.254,0.000,0.046,0.000,0.000,0.135,0.175,0.000,0.000,0.000,0.000,0.000,0.000,0.000,0.000,0.000,0.000,0.000,0.000,0.363,0.000,0.000,0.000,0.000,0.000,0.000,0.110,0.000,0.000,0.000,0.154,0.000,0.154,0.000,0.149,-0.134,-0.399
1865,0.251,0.000,-0.025,0.257,0.080,0.000,0.278,0.060,0.051,0.000,0.000,0.457,0.254,0.000,0.044,0.000,0.000,0.137,0.179,0.000,0.000,0.000,0.000,0.000,0.000,0.000,0.000,0.000,0.000,0.000,0.000,0.364,0.000,0.000,0.000,0.000,0.000,0.000,0.110,0.000,0.000,0.000,0.154,0.000,0.154,0.000,0.149,0.280,-0.399
1866,0.280,0.000,-0.025,0.233,0.080,0.000,0.282,0.061,0.025,0.000,0.000,0.457,0.254,0.000,0.042,0.000,0.000,0.139,0.184,0.000,0.000,0.000,0.000,0.000,0.000,0.000,0.000,0.000,0.000,0.000,0.000,0.364,0.000,0.000,0.000,0.000,0.000,0.000,0.110,0.000,0.000,0.000,0.154,0.000,0.154,0.000,0.149,0.468,-0.399
1867,0.280,0.000,-0.025,0.210,0.080,0.000,0.292,0.061,0.007,0.000,0.000,0.457,0.254,0.000,0.039,0.000,0.000,0.140,0.188,0.000,0.000,0.000,0.000,0.000,0.000,0.000,0.000,0.000,0.000,0.000,0.000,0.363,0.000,0.000,0.000,0.000,0.000,0.000,0.110,0.000,0.000,0.000,0.154,0.000,0.154,0.000,0.149,0.458,-0.399
1868,0.280,0.000,-0.025,0.188,0.080,0.000,0.305,0.061,0.000,0.000,0.000,0.457,0.254,0.000,0.037,0.000,0.000,0.142,0.192,0.000,0.000,0.000,0.000,0.000,0.000,0.000,0.000,0.000,0.000,0.000,0.000,0.359,0.000,0.000,0.000,0.000,0.000,0.000,0.110,0.000,0.000,0.000,0.154,0.000,0.154,0.000,0.149,0.436,-0.399
1869,0.280,0.000,-0.025,0.173,0.080,0.000,0.320,0.061,0.000,0.000,0.000,0.456,0.253,0.000,0.035,0.000,0.000,0.143,0.197,0.000,0.000,0.000,0.000,0.000,0.000,0.000,0.000,0.000,0.000,0.000,0.000,0.353,0.000,0.000,0.000,0.000,0.000,0.000,0.110,0.000,0.000,0.000,0.154,0.000,0.154,0.000,0.149,0.415,-0.399
1870,0.280,0.000,-0.025,0.165,0.080,0.000,0.333,0.061,0.000,0.000,0.000,0.456,0.253,0.000,0.032,0.000,0.000,0.145,0.201,0.000,0.000,0.000,0.000,0.000,0.000,0.000,0.000,0.000,0.000,0.000,0.000,0.346,0.000,0.000,0.000,0.000,0.000,0.000,0.110,0.000,0.000,0.000,0.154,0.000,0.154,0.000,0.149,0.405,-0.399
1871,0.279,0.000,-0.025,0.163,0.080,0.000,0.343,0.061,0.000,0.000,0.000,0.456,0.253,0.000,0.030,0.000,0.000,0.146,0.205,0.000,0.000,0.000,0.000,0.000,0.000,0.000,0.000,0.000,0.000,0.000,0.000,0.340,0.000,0.000,0.000,0.000,0.000,0.000,0.110,0.000,0.000,0.000,0.154,0.000,0.154,0.000,0.149,0.406,-0.399
1872,0.278,0.000,-0.025,0.162,0.080,0.000,0.346,0.061,0.000,0.000,0.000,0.455,0.252,0.000,0.028,0.000,0.000,0.148,0.209,0.000,0.000,0.000,0.000,0.000,0.000,0.000,0.000,0.000,0.000,0.000,0.000,0.335,0.000,0.000,0.000,0.000,0.000,0.000,0.110,0.000,0.000,0.000,0.154,0.000,0.154,0.000,0.149,0.410,-0.399
1873,0.277,0.000,-0.025,0.162,0.080,0.000,0.346,0.061,0.000,0.000,0.000,0.455,0.252,0.000,0.026,0.000,0.000,0.149,0.213,0.000,0.000,0.000,0.000,0.000,0.000,0.000,0.000,0.000,0.000,0.000,0.000,0.331,0.000,0.000,0.000,0.000,0.000,0.000,0.110,0.000,0.000,0.000,0.154,0.000,0.154,0.000,0.149,0.413,-0.399
1874,0.275,0.000,-0.025,0.162,0.080,0.000,0.346,0.061,0.000,0.000,0.000,0.454,0.252,0.000,0.024,0.000,0.000,0.150,0.217,0.000,0.000,0.000,0.000,0.000,0.000,0.000,0.000,0.000,0.000,0.000,0.000,0.330,0.000,0.000,0.000,0.000,0.000,0.000,0.110,0.000,0.000,0.000,0.154,0.000,0.154,0.000,0.149,0.415,-0.399
1875,0.273,0.000,-0.025,0.162,0.080,0.000,0.346,0.061,0.000,0.000,0.000,0.453,0.251,0.000,0.022,0.000,0.000,0.152,0.221,0.000,0.000,0.000,0.000,0.000,0.000,0.000,0.000,0.000,0.000,0.000,0.000,0.328,0.000,0.000,0.000,0.000,0.000,0.000,0.110,0.000,0.000,0.000,0.154,0.000,0.154,0.000,0.149,0.385,-0.399
1876,0.270,0.000,-0.025,0.161,0.080,0.000,0.346,0.061,0.000,0.000,0.000,0.453,0.250,0.000,0.020,0.000,0.000,0.153,0.225,0.000,0.000,0.000,0.000,0.000,0.000,0.000,0.000,0.000,0.000,0.000,0.000,0.327,0.000,0.000,0.000,0.000,0.000,0.000,0.110,0.000,0.000,0.000,0.154,0.000,0.154,0.000,0.149,0.321,-0.399
1877,0.263,0.000,-0.025,0.161,0.080,0.000,0.345,0.061,0.000,0.000,0.000,0.453,0.250,0.000,0.018,0.000,0.000,0.154,0.229,0.000,0.000,0.000,0.000,0.000,0.000,0.000,0.000,0.000,0.000,0.000,0.000,0.327,0.000,0.000,0.000,0.000,0.000,0.000,0.110,0.000,0.000,0.000,0.154,0.000,0.154,0.000,0.149,0.256,-0.399
1878,0.248,0.000,-0.025,0.160,0.080,0.000,0.344,0.061,0.000,0.000,0.000,0.452,0.249,0.000,0.016,0.000,0.000,0.155,0.232,0.000,0.000,0.000,0.000,0.000,0.000,0.000,0.000,0.000,0.000,0.000,0.000,0.326,0.000,0.000,0.000,0.000,0.000,0.000,0.110,0.000,0.000,0.000,0.154,0.000,0.154,0.000,0.149,0.227,-0.399
1879,0.228,0.000,-0.025,0.158,0.080,0.000,0.343,0.061,0.000,0.000,0.000,0.452,0.248,0.000,0.014,0.000,0.000,0.157,0.236,0.000,0.000,0.000,0.000,0.000,0.000,0.000,0.000,0.000,0.000,0.000,0.000,0.326,0.000,0.000,0.000,0.000,0.000,0.000,0.110,0.000,0.000,0.000,0.154,0.000,0.154,0.000,0.149,0.238,-0.399
1880,0.203,0.000,-0.025,0.152,0.080,0.000,0.341,0.061,0.000,0.000,0.000,0.451,0.247,0.000,0.013,0.000,0.000,0.158,0.239,0.000,0.000,0.000,0.000,0.000,0.000,0.000,0.000,0.000,0.000,0.000,0.000,0.326,0.000,0.000,0.000,0.000,0.000,0.000,0.110,0.000,0.000,0.000,0.154,0.000,0.154,0.000,0.149,0.267,-0.399
1881,0.176,0.000,-0.025,0.139,0.080,0.000,0.339,0.061,0.000,0.000,0.000,0.451,0.246,0.000,0.011,0.000,0.000,0.159,0.242,0.000,0.000,0.000,0.000,0.000,0.000,0.000,0.000,0.000,0.000,0.000,0.000,0.326,0.000,0.000,0.000,0.000,0.000,0.000,0.110,0.000,0.000,0.000,0.154,0.000,0.154,0.000,0.149,0.304,-0.399
1882,0.149,0.000,-0.025,0.120,0.080,0.000,0.337,0.059,0.000,0.000,0.000,0.450,0.243,0.000,0.010,0.000,0.000,0.160,0.245,0.000,0.000,0.000,0.000,0.000,0.000,0.000,0.000,0.000,0.000,0.000,0.000,0.326,0.000,0.000,0.000,0.000,0.000,0.000,0.110,0.000,0.000,0.000,0.154,0.000,0.154,0.000,0.149,0.342,-0.399
1883,0.123,0.000,-0.025,0.099,0.080,0.000,0.333,0.055,0.000,0.000,0.000,0.449,0.241,0.000,0.008,0.000,0.000,0.161,0.247,0.000,0.000,0.000,0.000,0.000,0.000,0.000,0.000,0.000,0.000,0.000,0.000,0.325,0.000,0.000,0.000,0.000,0.000,0.000,0.110,0.000,0.000,0.000,0.154,0.000,0.154,0.000,0.149,0.372,-0.399
1884,0.100,0.000,-0.025,0.076,0.080,0.000,0.329,0.048,0.000,0.000,0.000,0.447,0.237,0.000,0.007,0.000,0.000,0.162,0.250,0.000,0.000,0.000,0.000,0.000,0.000,0.000,0.000,0.000,0.000,0.000,0.000,0.325,0.000,0.000,0.000,0.000,0.000,0.000,0.110,0.000,0.000,0.000,0.154,0.000,0.154,0.000,0.149,0.387,-0.399
1885,0.082,0.000,-0.025,0.053,0.080,0.000,0.325,0.040,0.000,0.000,0.000,0.445,0.233,0.000,0.006,0.000,0.000,0.162,0.252,0.000,0.000,0.000,0.000,0.000,0.000,0.000,0.000,0.000,0.000,0.000,0.000,0.324,0.000,0.000,0.000,0.000,0.000,0.000,0.110,0.000,0.000,0.000,0.154,0.000,0.154,0.000,0.149,0.391,-0.399
1886,0.070,0.000,-0.025,0.033,0.080,0.000,0.319,0.030,0.000,0.000,0.000,0.443,0.229,0.000,0.004,0.000,0.000,0.163,0.254,0.000,0.000,0.000,0.000,0.000,0.000,0.000,0.000,0.000,0.000,0.000,0.000,0.323,0.000,0.000,0.000,0.000,0.000,0.000,0.110,0.000,0.000,0.000,0.154,0.000,0.154,0.000,0.149,0.393,-0.399
1887,0.065,0.000,-0.025,0.016,0.080,0.000,0.313,0.021,0.000,0.000,0.000,0.440,0.224,0.000,0.003,0.000,0.000,0.164,0.256,0.000,0.000,0.000,0.000,0.000,0.000,0.000,0.000,0.000,0.000,0.000,0.000,0.322,0.000,0.000,0.000,0.000,0.000,0.000,0.110,0.000,0.000,0.000,0.154,0.000,0.154,0.000,0.149,0.394,-0.399
1888,0.062,0.000,-0.025,0.004,0.080,0.000,0.306,0.013,0.000,0.000,0.000,0.435,0.219,0.000,0.003,0.000,0.000,0.164,0.258,0.000,0.000,0.000,0.000,0.000,0.000,0.000,0.000,0.000,0.000,0.018,0.000,0.320,0.000,0.000,0.000,0.000,0.000,0.001,0.110,0.000,0.000,0.000,0.154,0.000,0.154,0.000,0.149,0.395,-0.399
1889,0.060,0.000,-0.025,0.000,0.080,0.000,0.298,0.006,0.000,0.000,0.000,0.427,0.213,0.000,0.002,0.000,0.000,0.165,0.259,0.000,0.000,0.000,0.000,0.000,0.000,0.000,0.000,0.000,0.000,0.063,0.000,0.318,0.000,0.000,0.000,0.000,0.000,0.005,0.110,0.000,0.000,0.000,0.154,0.000,0.154,0.000,0.149,0.396,-0.399
1890,0.060,0.000,-0.025,0.000,0.080,0.000,0.288,0.002,0.000,0.000,0.000,0.418,0.208,0.000,0.001,0.000,0.000,0.165,0.261,0.000,0.000,0.000,0.000,0.000,0.000,0.000,0.000,0.000,0.000,0.126,0.000,0.303,0.000,0.000,0.000,0.000,0.000,0.010,0.110,0.000,0.000,0.000,0.154,0.000,0.154,0.000,0.149,0.396,-0.399
1891,0.060,0.000,-0.025,0.000,0.080,0.000,0.278,0.000,0.000,0.000,0.000,0.407,0.202,0.000,0.001,0.000,0.000,0.166,0.261,0.000,0.000,0.000,0.000,0.000,0.000,0.000,0.000,0.000,0.000,0.194,0.000,0.266,0.000,0.000,0.000,0.000,0.000,0.017,0.110,0.000,0.000,0.000,0.154,0.000,0.154,0.000,0.149,0.396,-0.399
1892,0.060,0.000,-0.025,0.000,0.080,0.000,0.260,0.000,0.000,0.000,0.000,0.397,0.196,0.000,0.000,0.009,0.000,0.166,0.265,0.000,0.000,0.000,0.000,0.000,0.000,0.000,0.000,0.000,0.000,0.257,0.000,0.215,0.000,0.000,0.000,0.000,0.000,0.026,0.110,0.000,0.000,0.000,0.158,0.000,0.158,0.000,0.153,0.396,-0.399
1893,0.060,0.000,-0.025,0.000,0.080,0.000,0.230,0.000,0.000,0.000,0.000,0.387,0.190,0.000,0.000,0.031,0.000,0.166,0.274,0.000,0.000,0.000,0.000,0.000,0.000,0.000,0.000,0.000,0.000,0.302,0.000,0.157,0.000,0.000,0.000,0.000,0.000,0.035,0.110,0.000,0.000,0.000,0.168,0.000,0.168,0.000,0.164,0.396,-0.399
1894,0.060,0.000,-0.025,0.000,0.080,0.000,0.192,0.000,0.000,0.000,0.000,0.379,0.184,0.000,0.000,0.061,0.000,0.166,0.287,0.001,0.000,0.000,0.000,0.000,0.000,0.000,0.000,0.000,0.000,0.320,0.000,0.099,0.000,0.000,0.000,0.000,0.000,0.046,0.110,0.000,0.000,0.000,0.183,0.000,0.183,0.000,0.178,0.397,-0.399
1895,0.074,0.000,-0.025,0.000,0.080,0.000,0.149,0.000,0.000,0.000,0.000,0.374,0.178,0.000,0.000,0.094,0.000,0.166,0.298,0.002,0.000,0.000,0.000,0.000,0.000,0.000,0.000,0.000,0.000,0.318,0.000,0.049,0.000,0.000,0.000,0.000,0.000,0.057,0.110,0.000,0.000,0.000,0.201,0.000,0.201,0.000,0.195,0.399,-0.399
1896,0.107,0.000,-0.025,0.000,0.080,0.000,0.105,0.000,0.000,0.000,0.000,0.372,0.172,0.000,0.000,0.126,0.000,0.166,0.304,0.003,0.000,0.000,0.000,0.000,0.000,0.000,0.000,0.000,0.000,0.311,0.000,0.013,0.000,0.000,0.000,0.000,0.000,0.069,0.110,0.000,0.000,0.000,0.218,0.000,0.218,0.000,0.212,0.401,-0.399
1897,0.147,0.000,-0.013,0.000,0.080,0.000,0.064,0.000,0.000,0.000,0.002,0.374,0.166,0.000,0.000,0.152,0.000,0.167,0.304,0.004,0.000,0.000,0.000,0.000,0.000,0.000,0.000,0.000,0.000,0.301,0.000,0.000,0.000,0.000,0.000,0.000,0.000,0.081,0.110,0.000,0.000,0.000,0.239,0.000,0.239,0.000,0.232,0.405,-0.399
1898,0.181,0.000,0.018,0.000,0.080,0.000,0.031,0.000,0.000,0.000,0.007,0.379,0.161,0.000,0.000,0.170,0.000,0.171,0.300,0.006,0.000,0.000,0.000,0.000,0.000,0.000,0.000,0.000,0.000,0.289,0.000,0.000,0.000,0.000,0.000,0.000,0.000,0.093,0.110,0.000,0.000,0.000,0.264,0.000,0.264,0.000,0.257,0.596,-0.399
1899,0.198,0.000,0.057,0.000,0.080,0.000,0.008,0.000,0.000,0.000,0.014,0.386,0.156,0.000,0.000,0.177,0.000,0.175,0.286,0.006,0.000,0.000,0.000,0.000,0.000,0.000,0.000,0.000,0.000,0.275,0.000,0.000,0.000,0.000,0.000,0.000,0.000,0.104,0.110,0.000,0.000,0.000,0.283,0.000,0.283,0.000,0.275,0.786,-0.399
1900,0.202,0.000,0.097,0.000,0.080,0.000,-0.001,0.000,0.000,0.000,0.022,0.393,0.151,0.000,0.000,0.177,0.000,0.180,0.264,0.006,0.000,0.000,0.000,0.000,0.000,0.000,0.000,0.000,0.000,0.260,0.000,0.000,0.000,0.000,0.000,0.000,0.000,0.115,0.110,0.000,0.000,0.000,0.290,0.000,0.290,0.000,0.282,0.786,-0.399
1901,0.204,-0.001,0.128,0.000,0.080,0.000,-0.001,0.000,0.000,0.000,0.029,0.400,0.147,0.000,0.000,0.177,0.000,0.184,0.239,0.006,0.000,0.000,0.000,0.000,0.000,0.000,0.000,0.000,0.000,0.245,0.000,0.000,0.000,0.000,0.000,0.000,0.000,0.124,0.110,0.000,0.000,0.000,0.293,0.000,0.293,0.000,0.285,0.786,-0.399
1902,0.206,-0.005,0.140,0.000,0.080,0.000,-0.001,0.000,0.000,0.000,0.035,0.405,0.143,0.000,0.000,0.177,0.000,0.187,0.215,0.006,0.000,0.000,0.000,0.000,0.000,0.000,0.000,0.000,0.000,0.231,0.000,0.000,0.000,0.000,0.000,0.000,0.000,0.133,0.110,0.000,0.000,0.000,0.294,0.000,0.294,0.000,0.286,0.786,-0.399
1903,0.207,-0.011,0.140,0.000,0.080,0.000,-0.001,0.000,0.000,0.000,0.037,0.407,0.140,0.000,0.000,0.177,0.000,0.188,0.195,0.006,0.000,0.000,0.000,0.000,0.000,0.000,0.000,0.000,0.000,0.219,0.000,0.000,0.000,0.000,0.000,0.000,0.000,0.140,0.110,0.000,0.000,0.000,0.293,0.000,0.293,0.000,0.285,0.786,-0.399
1904,0.207,-0.019,0.140,0.000,0.080,0.000,-0.001,0.000,0.000,0.000,0.037,0.407,0.137,0.000,0.000,0.177,0.000,0.188,0.179,0.006,0.000,0.000,0.000,0.000,0.000,0.000,0.000,0.000,0.000,0.209,0.000,0.000,0.000,0.000,0.000,0.000,0.000,0.145,0.110,0.000,0.000,0.000,0.293,0.000,0.293,0.000,0.285,0.786,-0.399
1905,0.207,-0.029,0.140,0.000,0.080,0.000,-0.001,0.000,0.000,0.000,0.037,0.407,0.135,0.000,0.000,0.177,0.000,0.188,0.169,0.006,0.000,0.000,0.000,0.000,0.000,0.000,0.000,0.000,0.000,0.202,0.000,0.000,0.000,0.000,0.000,0.000,0.000,0.149,0.110,0.000,0.000,0.000,0.293,0.000,0.293,0.000,0.285,0.710,-0.399
1906,0.207,-0.039,0.133,0.000,0.080,0.000,-0.001,0.000,0.000,0.000,0.037,0.407,0.134,0.000,0.000,0.176,0.000,0.188,0.165,0.006,0.000,0.000,0.000,0.000,0.000,0.000,0.000,0.000,0.000,0.200,0.000,0.170,0.000,0.000,0.000,0.000,0.000,0.150,0.110,0.000,0.000,0.000,0.293,0.000,0.293,0.000,0.285,0.542,-0.399
1907,0.201,-0.050,0.114,0.000,0.080,0.000,0.002,0.000,0.000,0.000,0.034,0.404,0.133,0.000,0.000,0.176,0.000,0.187,0.162,0.006,0.000,0.000,0.000,0.000,0.000,0.000,0.000,0.000,0.000,0.200,0.000,0.338,0.000,0.000,0.000,0.000,0.000,0.150,0.110,0.000,0.000,0.000,0.285,0.000,0.285,0.000,0.278,0.374,-0.399
1908,0.179,-0.060,0.086,0.000,0.080,0.000,0.009,0.000,0.000,0.000,0.027,0.447,0.132,0.000,0.000,0.174,0.000,0.182,0.154,0.006,0.000,0.000,0.000,0.000,0.000,0.000,0.000,0.000,0.000,0.200,0.000,0.258,0.000,0.000,0.000,0.000,0.000,0.150,0.110,0.000,0.000,0.000,0.264,0.000,0.264,0.000,0.257,0.297,-0.399
1909,0.120,-0.071,0.052,0.000,0.080,0.000,0.020,0.000,0.000,0.000,0.018,0.530,0.132,0.000,0.000,0.166,0.000,0.177,0.141,0.005,0.000,0.000,0.000,0.000,0.000,0.000,0.000,0.000,0.000,0.200,0.000,0.179,0.000,0.000,0.000,0.000,0.000,0.150,0.110,0.000,0.000,0.000,0.235,0.000,0.235,0.000,0.229,0.297,-0.399
1910,0.077,-0.081,0.015,0.000,0.080,0.000,0.032,0.000,0.000,0.000,0.010,0.570,0.132,0.000,0.000,0.155,0.000,0.172,0.125,0.004,0.000,0.000,0.000,0.000,0.000,0.000,0.000,0.000,0.000,0.200,0.000,0.314,0.000,0.000,0.000,0.000,0.000,0.150,0.110,0.000,0.000,0.000,0.203,0.000,0.203,0.000,0.198,0.297,-0.399
1911,0.086,-0.091,-0.022,0.000,0.080,0.000,0.046,0.000,0.000,0.000,0.003,0.564,0.131,0.000,0.000,0.140,0.000,0.167,0.110,0.004,0.000,0.000,0.000,0.000,0.000,0.000,0.000,0.000,0.000,0.200,0.000,0.449,0.000,0.000,0.000,0.000,0.000,0.150,0.110,0.000,0.000,0.000,0.175,0.000,0.175,0.000,0.171,0.297,-0.292
1912,0.104,-0.099,-0.056,0.000,0.080,0.000,0.058,0.000,0.000,0.000,0.000,0.561,0.131,0.000,0.000,0.123,0.000,0.166,0.099,0.003,0.000,0.000,0.000,0.000,0.000,0.000,0.000,0.000,0.000,0.200,0.000,0.414,0.000,0.000,0.000,0.000,0.000,0.150,0.110,0.000,0.000,0.000,0.158,0.000,0.158,0.000,0.154,0.297,-0.095
1913,0.114,-0.105,-0.084,0.000,0.080,0.000,0.069,0.000,0.000,0.000,0.000,0.561,0.131,0.000,0.000,0.104,0.000,0.166,0.089,0.002,0.000,0.000,0.000,0.000,0.000,0.000,0.000,0.000,0.000,0.200,0.000,0.372,0.000,0.000,0.000,0.000,0.000,0.150,0.110,0.000,0.000,0.000,0.147,0.000,0.147,0.000,0.143,0.297,0.012
1914,0.114,-0.109,-0.103,0.000,0.080,0.000,0.076,0.000,0.000,0.000,0.000,0.561,0.131,0.000,0.000,0.083,0.000,0.166,0.079,0.001,0.000,0.000,0.000,0.000,0.000,0.000,0.000,0.000,0.000,0.200,0.000,0.362,0.000,0.000,0.000,0.000,0.000,0.150,0.110,0.000,0.000,0.000,0.137,0.000,0.137,0.000,0.133,0.297,-0.019
1915,0.114,-0.110,-0.110,0.000,0.080,0.000,0.079,0.000,0.000,0.000,0.000,0.560,0.131,0.000,0.000,0.063,0.000,0.165,0.070,0.001,0.000,0.000,0.000,0.000,0.000,0.000,0.000,0.000,0.000,0.200,0.000,0.357,0.000,0.000,0.000,0.000,0.000,0.150,0.110,0.000,0.000,0.000,0.126,0.000,0.126,0.000,0.123,0.297,-0.095
1916,0.114,-0.110,-0.110,0.000,0.080,0.000,0.079,0.000,0.000,0.000,0.000,0.559,0.131,0.000,0.000,0.044,0.000,0.165,0.062,0.000,0.000,0.000,0.000,0.000,0.000,0.000,0.000,0.000,0.000,0.200,0.000,0.355,0.000,0.000,0.000,0.000,0.000,0.150,0.110,0.000,0.000,0.000,0.116,0.000,0.116,0.000,0.113,0.297,-0.194
1917,0.114,-0.110,-0.110,0.000,0.080,0.000,0.079,0.000,0.000,0.000,0.000,0.557,0.131,0.000,0.000,0.027,0.000,0.165,0.055,0.000,0.000,0.000,0.000,0.000,0.000,0.000,0.000,0.000,0.000,0.200,0.000,0.353,0.000,0.000,0.000,0.000,0.000,0.150,0.110,0.000,0.000,0.000,0.108,0.000,0.108,0.000,0.105,0.297,-0.292
1918,0.114,-0.110,-0.110,0.000,0.080,0.000,0.079,0.000,0.000,0.000,0.000,0.555,0.131,0.000,0.000,0.013,0.000,0.165,0.050,0.000,0.000,0.000,0.000,0.000,0.000,0.000,0.000,0.000,0.000,0.200,0.000,0.349,0.000,0.000,0.000,0.000,0.000,0.150,0.110,0.000,0.000,0.000,0.101,0.000,0.101,0.000,0.098,0.297,-0.368
1919,0.114,-0.110,-0.110,0.000,0.080,0.000,0.079,0.000,0.000,0.000,0.000,0.553,0.131,0.000,0.000,0.004,0.000,0.165,0.046,0.000,0.000,0.000,0.000,0.000,0.000,0.000,0.000,0.000,0.000,0.200,0.000,0.340,0.000,0.000,0.000,0.000,0.000,0.150,0.110,0.000,0.000,0.000,0.097,0.000,0.097,0.000,0.094,0.297,-0.399
1920,0.114,-0.110,-0.110,0.000,0.080,0.000,0.079,0.000,0.000,0.000,0.000,0.550,0.131,0.000,0.000,0.000,0.000,0.165,0.045,0.000,0.000,0.000,0.000,0.000,0.000,0.000,0.000,0.000,0.000,0.200,0.000,0.324,0.000,0.000,0.000,0.000,0.000,0.150,0.110,0.000,0.000,0.000,0.095,0.000,0.095,0.000,0.093,0.297,-0.399
1921,0.114,-0.110,-0.110,0.000,0.080,0.000,0.079,0.000,0.000,0.000,0.000,0.486,0.130,0.000,0.000,0.000,0.000,0.165,0.045,0.000,0.000,0.000,0.000,0.000,0.000,0.000,0.000,0.000,0.000,0.200,0.000,0.293,0.000,0.000,0.000,0.000,0.000,0.150,0.110,0.000,0.000,0.000,0.095,0.000,0.095,0.000,0.093,-0.248,-0.399
1922,0.114,-0.110,-0.110,0.000,0.080,0.000,0.079,0.000,0.000,0.000,0.000,0.372,0.130,0.000,0.000,0.000,0.000,0.165,0.045,0.000,0.000,0.000,0.000,0.000,0.000,0.000,0.000,0.000,0.000,0.200,0.000,0.246,0.000,0.000,0.000,0.000,0.000,0.150,0.110,0.000,0.000,0.000,0.095,0.000,0.095,0.000,0.093,-1.000,-0.399
1923,0.114,-0.110,-0.110,0.000,0.080,0.000,0.079,0.000,0.000,0.000,0.000,0.311,0.129,0.000,0.000,0.000,0.000,0.164,0.045,0.000,0.000,0.000,0.000,0.000,0.000,0.000,0.000,0.000,0.000,0.200,0.000,0.193,0.000,0.000,0.000,0.000,0.000,0.150,0.110,0.000,0.000,0.000,0.095,0.000,0.095,0.000,0.093,-1.000,-0.399
1924,0.114,-0.110,-0.110,0.000,0.080,0.000,0.079,0.000,0.000,0.000,0.000,0.311,0.125,0.000,0.000,0.000,0.000,0.164,0.045,0.000,0.000,0.000,0.000,0.000,0.000,0.000,0.000,0.000,0.000,0.200,0.000,0.143,0.000,0.000,0.000,0.000,0.000,0.150,0.110,0.000,0.000,0.000,0.095,0.000,0.095,0.000,0.093,-1.000,-0.399
1925,0.117,-0.110,-0.110,0.000,0.080,0.000,0.079,0.000,0.000,0.000,0.081,0.311,0.116,0.000,0.000,0.000,0.000,0.164,0.045,0.000,0.000,0.000,0.000,0.000,0.000,0.000,0.000,0.000,0.000,0.200,0.000,0.107,0.000,0.000,0.000,0.000,0.000,0.150,0.110,0.000,0.000,0.000,0.095,0.000,0.095,0.000,0.093,-1.000,-0.399
1926,0.126,-0.110,-0.110,0.000,0.080,0.000,0.079,0.000,0.000,0.000,0.267,0.311,0.104,0.000,0.000,0.000,0.000,0.163,0.045,0.000,0.000,0.000,0.000,0.000,0.000,0.000,0.000,0.000,0.000,0.200,0.000,0.092,0.000,0.000,0.000,0.000,0.000,0.150,0.110,0.000,0.000,0.000,0.095,0.000,0.095,0.000,0.093,-0.751,-0.399
1927,0.139,-0.110,-0.110,0.000,0.080,0.000,0.079,0.000,0.000,0.000,0.469,0.311,0.089,0.000,0.000,0.000,0.000,0.163,0.045,0.000,0.000,0.000,0.000,0.000,0.000,0.000,0.000,0.000,0.000,0.200,0.000,0.092,0.000,0.000,0.000,0.000,0.000,0.150,0.110,0.000,0.000,0.000,0.095,0.000,0.095,0.000,0.093,-0.030,-0.399
1928,0.156,-0.110,-0.110,0.000,0.080,0.000,0.079,0.000,0.000,0.000,0.600,0.311,0.072,0.000,0.000,0.000,0.000,0.162,0.141,0.000,0.000,0.000,0.000,0.000,0.000,0.000,0.000,0.000,0.000,0.200,0.000,0.092,0.000,0.000,0.000,0.000,0.000,0.150,0.110,0.000,0.000,0.000,0.298,0.000,0.298,0.000,0.290,0.297,-0.399
1929,0.177,-0.110,-0.110,0.000,0.080,0.000,0.079,0.000,0.000,0.000,0.728,0.323,0.055,0.000,0.000,0.000,0.000,0.161,0.237,0.000,0.000,0.000,0.000,0.000,0.000,0.000,0.000,0.000,0.000,0.200,0.000,0.092,0.000,0.000,0.000,0.000,0.000,0.150,0.110,0.000,0.000,0.000,0.519,0.000,0.519,0.000,0.505,0.297,-0.399
1930,0.200,-0.110,-0.110,0.000,0.080,0.000,0.079,0.000,0.000,0.000,0.901,0.349,0.038,0.000,0.000,0.000,0.000,0.165,0.237,0.000,0.000,0.000,0.000,0.000,0.000,0.000,0.000,0.000,0.000,0.200,0.000,0.092,0.000,0.000,0.000,0.000,0.000,0.150,0.110,0.000,0.000,0.000,0.557,0.000,0.557,0.000,0.542,0.297,-0.399
1931,0.234,-0.101,-0.101,0.000,0.080,0.000,0.092,0.000,0.000,0.000,1.000,0.375,0.023,0.000,0.000,0.000,0.000,0.174,0.186,0.000,0.000,0.000,0.000,0.000,0.000,0.000,0.000,0.000,0.000,0.200,0.000,0.092,0.000,0.000,0.000,0.000,0.000,0.150,0.110,0.000,0.000,0.000,0.480,0.000,0.480,0.000,0.467,0.297,-0.399
1932,0.280,-0.080,-0.080,0.000,0.080,0.000,0.126,0.000,0.000,0.000,1.000,0.387,0.011,0.000,0.000,0.000,0.000,0.179,0.127,0.033,0.000,0.000,0.000,0.000,0.000,0.000,0.000,0.000,0.000,0.200,0.000,0.093,0.000,0.000,0.000,0.000,0.000,0.150,0.110,0.000,0.000,0.000,0.308,0.000,0.308,0.000,0.325,0.297,-0.399
1933,0.326,-0.059,-0.059,0.000,0.080,0.000,0.174,0.000,0.000,0.000,1.000,0.387,0.003,0.000,0.000,0.000,0.000,0.174,0.146,0.094,0.000,0.000,0.000,0.000,0.000,0.000,0.000,0.000,0.000,0.200,0.000,0.093,0.000,0.000,0.000,0.000,0.000,0.150,0.110,0.000,0.000,0.000,0.219,0.000,0.219,0.000,0.285,0.297,-0.399
1934,0.363,-0.050,-0.050,0.000,0.080,0.000,0.230,0.000,0.000,0.000,1.000,0.386,-0.000,0.000,0.000,0.000,0.000,0.165,0.183,0.127,0.000,0.000,0.000,0.000,0.000,0.000,0.000,0.000,0.000,0.200,0.000,0.093,0.000,0.000,0.000,0.000,0.000,0.150,0.110,0.000,0.000,0.000,0.214,0.000,0.214,0.000,0.305,0.297,-0.399
1935,0.377,-0.050,-0.050,0.000,0.080,0.000,0.285,0.000,0.000,0.000,0.867,0.385,-0.000,0.000,0.000,0.000,0.000,0.156,0.160,0.107,0.000,0.000,0.000,0.000,0.000,0.000,0.000,0.000,0.000,0.200,0.000,0.094,0.000,0.000,0.000,0.000,0.000,0.150,0.110,0.000,0.000,0.000,0.185,0.000,0.185,0.000,0.261,0.297,-0.399
1936,0.372,-0.050,-0.050,0.000,0.080,0.000,0.334,0.000,0.000,0.000,0.603,0.383,-0.000,0.000,0.000,0.000,0.000,0.149,0.141,0.064,0.000,0.000,0.000,0.000,0.000,0.000,0.000,0.000,0.000,0.200,0.000,0.094,0.000,0.000,0.000,0.000,0.000,0.150,0.110,0.000,0.000,0.000,0.208,0.000,0.208,0.000,0.251,0.297,-0.399
1937,0.358,-0.050,-0.050,0.000,0.080,0.000,0.368,0.000,0.000,0.000,0.619,0.380,-0.000,0.000,0.000,0.000,0.000,0.145,0.122,0.020,0.000,0.000,0.000,0.000,0.000,0.000,0.000,0.000,0.000,0.200,0.000,0.095,0.000,0.000,0.000,0.000,0.000,0.150,0.110,0.000,0.000,0.000,0.231,0.000,0.231,0.000,0.239,0.297,-0.399
1938,0.339,-0.050,-0.050,0.000,0.080,0.000,0.381,0.000,0.000,0.000,0.875,0.375,-0.000,0.000,0.000,0.000,0.000,0.142,0.100,0.000,0.000,0.000,0.000,0.000,0.000,0.000,0.000,0.000,0.000,0.200,0.000,0.095,0.000,0.000,0.000,0.000,0.000,0.150,0.110,0.000,0.000,0.000,0.210,0.000,0.210,0.000,0.205,0.297,-0.399
1939,0.321,-0.050,-0.050,0.000,0.080,0.000,0.381,0.000,0.000,0.000,1.000,0.368,-0.000,0.000,0.000,0.000,0.000,0.139,0.100,0.000,0.000,0.000,0.000,0.000,0.000,0.000,0.000,0.000,0.000,0.200,0.000,0.096,0.000,0.000,0.000,0.000,0.000,0.150,0.110,0.000,0.000,0.000,0.210,0.000,0.210,0.000,0.205,0.297,-0.399
1940,0.307,-0.050,-0.050,0.000,0.080,0.000,0.381,0.000,0.000,0.000,1.000,0.359,-0.000,0.000,0.000,0.000,0.000,0.136,0.100,0.000,0.000,0.000,0.000,0.000,0.000,0.000,0.000,0.000,0.000,0.200,0.000,0.096,0.000,0.000,0.000,0.000,0.000,0.150,0.110,0.000,0.000,0.000,0.210,0.000,0.210,0.000,0.205,0.297,-0.399
1941,0.301,-0.050,-0.050,0.000,0.080,0.000,0.381,0.000,0.000,0.000,0.899,0.347,-0.000,0.000,0.000,0.000,0.000,0.133,0.179,0.000,0.000,0.000,0.000,0.000,0.000,0.000,0.000,0.000,0.000,0.200,0.000,0.097,0.000,0.000,0.000,0.000,0.000,0.150,0.110,0.000,0.000,0.000,0.377,0.000,0.377,0.000,0.367,0.297,-0.399
1942,0.309,-0.050,-0.050,0.000,0.080,0.000,0.381,0.000,0.000,0.000,0.738,0.330,-0.000,0.000,0.000,0.000,0.000,0.130,0.284,0.000,0.000,0.000,0.000,0.000,0.000,0.000,0.000,0.000,0.000,0.200,0.000,0.097,0.000,0.000,0.000,0.000,0.000,0.150,0.110,0.000,0.000,0.000,0.600,0.000,0.600,0.000,0.584,0.297,-0.399
1943,0.328,-0.050,-0.050,0.000,0.080,0.000,0.381,0.000,0.000,0.000,0.716,0.306,-0.000,0.000,0.000,0.000,0.000,0.129,0.302,0.000,0.000,0.000,0.000,0.000,0.000,0.000,0.000,0.000,0.000,0.200,0.000,0.098,0.000,0.000,0.000,0.000,0.000,0.150,0.110,0.000,0.000,0.000,0.671,0.000,0.671,0.000,0.653,0.297,-0.399
1944,0.350,-0.050,-0.050,0.000,0.080,0.000,0.381,0.000,0.000,0.000,0.844,0.278,-0.000,0.000,0.000,0.000,0.000,0.143,0.255,0.000,0.000,0.000,0.000,0.000,0.000,0.000,0.000,0.000,0.000,0.200,0.000,0.098,0.000,0.000,0.000,0.000,0.000,0.150,0.110,0.000,0.000,0.000,0.631,0.000,0.631,0.000,0.614,0.297,-0.399
1945,0.369,-0.050,-0.050,0.000,0.080,0.000,0.381,0.000,0.000,0.000,0.978,0.246,-0.000,0.000,0.000,0.000,0.000,0.172,0.151,0.000,0.000,0.000,0.000,0.000,0.000,0.000,0.000,0.000,0.000,0.200,0.000,0.099,0.000,0.000,0.000,0.000,0.000,0.150,0.110,0.000,0.000,0.000,0.455,0.000,0.455,0.000,0.443,0.297,-0.399
1946,0.377,-0.050,-0.050,0.000,0.080,0.000,0.381,0.000,0.000,0.000,1.000,0.211,-0.000,0.000,0.000,0.000,0.000,0.188,0.047,0.000,0.000,0.000,0.000,0.000,0.000,0.000,0.000,0.000,0.000,0.200,0.000,0.099,0.000,0.000,0.000,0.000,0.000,0.150,0.110,0.000,0.000,0.000,0.250,0.000,0.250,0.000,0.244,0.297,-0.399
1947,0.373,-0.050,-0.050,0.000,0.080,0.000,0.381,0.000,0.000,0.000,1.000,0.175,-0.000,0.000,0.000,0.000,0.000,0.184,0.000,0.000,0.000,0.000,0.000,0.000,0.000,0.000,0.000,0.000,0.000,0.200,0.000,0.100,0.000,0.000,0.000,0.000,0.000,0.150,0.110,0.000,0.000,0.000,0.151,0.000,0.151,0.000,0.147,0.297,-0.399
1948,0.365,-0.050,-0.050,0.000,0.080,0.000,0.381,0.000,0.000,0.000,1.000,0.140,-0.000,0.000,0.000,0.001,0.000,0.181,0.000,0.000,0.000,0.000,0.000,0.000,0.000,0.000,0.000,0.000,0.000,0.200,0.000,0.100,0.000,0.000,0.000,0.000,0.000,0.150,0.110,0.000,0.000,0.000,0.151,0.000,0.151,0.000,0.147,0.297,-0.399
1949,0.352,-0.050,-0.050,0.000,0.080,0.000,0.381,0.000,0.000,0.000,0.978,0.106,-0.000,0.000,0.000,0.001,0.000,0.158,0.000,0.000,0.000,0.000,0.000,0.000,0.000,0.000,0.000,0.000,0.000,0.200,0.000,0.100,0.000,0.000,0.000,0.000,0.000,0.150,0.110,0.000,0.000,0.000,0.137,0.000,0.137,0.000,0.133,0.297,-0.399
1950,0.336,-0.050,-0.050,0.000,0.080,0.000,0.381,0.000,0.000,0.000,0.852,0.080,-0.000,0.000,0.000,0.001,0.000,0.121,0.000,0.000,0.000,0.000,0.000,0.000,0.000,0.000,0.000,0.000,0.000,0.200,0.000,0.100,0.000,0.000,0.000,0.000,0.000,0.150,0.110,0.000,0.000,0.000,0.110,0.000,0.110,0.000,0.107,0.297,-0.399
1951,0.319,-0.050,-0.050,0.000,0.080,0.000,0.381,0.000,0.000,0.000,0.877,0.065,-0.000,0.000,0.000,0.091,0.000,0.102,0.080,0.068,0.013,0.000,0.005,0.023,0.000,0.000,0.000,0.000,0.000,0.200,0.000,0.100,0.000,0.000,0.000,0.000,0.000,0.150,0.110,0.000,0.000,0.000,0.125,0.000,0.125,0.000,0.162,0.297,-0.399
1952,0.301,-0.050,-0.050,0.000,0.080,0.000,0.381,0.000,0.000,0.000,1.000,0.058,-0.000,0.000,0.000,0.230,0.000,0.103,0.187,0.156,0.026,0.000,0.019,0.082,0.000,0.000,0.000,0.000,0.000,0.200,0.000,0.100,0.000,0.000,0.000,0.000,0.000,0.150,0.110,0.000,0.000,0.000,0.167,0.000,0.167,0.000,0.244,0.297,-0.399
1953,0.286,-0.050,-0.050,0.000,0.080,0.000,0.381,0.000,0.000,0.000,0.998,0.071,-0.000,0.000,0.000,0.327,0.000,0.116,0.141,0.102,0.026,0.000,0.035,0.157,0.000,0.000,0.000,0.000,0.000,0.200,0.000,0.100,0.000,0.000,0.000,0.000,0.000,0.150,0.110,0.000,0.000,0.000,0.230,0.000,0.230,0.000,0.265,0.297,-0.399
1954,0.273,-0.050,-0.050,0.000,0.080,0.000,0.381,0.000,0.000,0.000,0.925,0.105,-0.000,0.000,0.000,0.423,0.000,0.137,0.114,0.048,0.026,0.000,0.050,0.232,0.000,0.000,0.000,0.000,0.000,0.200,0.000,0.100,0.000,0.000,0.000,0.000,0.000,0.150,0.110,0.000,0.000,0.000,0.318,0.000,0.318,0.000,0.309,0.297,-0.399
1955,0.264,-0.050,-0.050,0.000,0.080,0.000,0.381,0.000,0.000,0.000,0.932,0.145,-0.000,0.000,0.000,0.497,0.000,0.152,0.149,0.048,0.026,0.000,0.062,0.291,0.000,0.000,0.000,0.000,0.000,0.200,0.000,0.099,0.000,0.000,0.000,0.000,0.000,0.150,0.110,0.000,0.000,0.000,0.406,0.000,0.406,0.000,0.395,0.297,-0.399
1956,0.260,-0.050,-0.050,0.000,0.080,0.000,0.381,0.000,0.000,0.000,0.872,0.179,-0.000,0.000,0.000,0.462,0.000,0.152,0.120,0.013,0.013,0.000,0.065,0.314,0.000,0.000,0.000,0.000,0.000,0.200,0.000,0.099,0.000,0.000,0.000,0.000,0.000,0.150,0.110,0.000,0.000,0.000,0.414,0.000,0.414,0.000,0.403,0.297,-0.399
1957,0.260,-0.050,-0.050,0.000,0.080,0.000,0.381,0.000,0.000,0.000,0.764,0.210,-0.000,0.000,0.000,0.379,0.000,0.142,0.102,0.000,0.000,0.000,0.061,0.296,0.000,0.000,0.000,0.000,0.000,0.200,0.000,0.098,0.000,0.000,0.000,0.000,0.000,0.150,0.110,0.000,0.000,0.000,0.369,0.000,0.369,0.000,0.359,0.297,-0.399
1958,0.260,-0.050,-0.050,0.000,0.080,0.000,0.381,0.000,0.000,0.000,0.684,0.286,-0.000,0.000,0.000,0.322,0.000,0.159,0.142,0.000,0.000,0.000,0.052,0.252,0.000,0.000,0.000,0.000,0.000,0.200,0.000,0.098,0.000,0.000,0.000,0.000,0.000,0.150,0.110,0.000,0.000,0.000,0.444,0.000,0.444,0.000,0.432,0.297,-0.399
1959,0.260,-0.050,-0.050,0.000,0.080,0.000,0.381,0.000,0.000,0.000,0.625,0.370,-0.000,0.000,0.000,0.244,0.000,0.178,0.183,0.000,0.000,0.000,0.039,0.190,0.000,0.000,0.000,0.000,0.000,0.200,0.000,0.097,0.000,0.000,0.000,0.000,0.000,0.150,0.110,0.000,0.000,0.000,0.529,0.000,0.529,0.000,0.515,0.297,-0.399
1960,0.260,-0.050,-0.050,0.000,0.080,0.000,0.381,0.000,0.000,0.000,0.583,0.421,-0.000,0.000,0.000,0.158,0.000,0.174,0.183,0.000,0.000,0.000,0.025,0.124,0.000,0.000,0.000,0.000,0.000,0.200,0.000,0.096,0.000,0.000,0.000,0.000,0.000,0.150,0.110,0.000,0.000,0.000,0.517,0.000,0.517,0.000,0.503,0.297,-0.399
1961,0.277,-0.050,-0.050,0.000,0.080,0.000,0.381,0.000,0.000,0.000,0.583,0.470,-0.000,0.000,0.000,0.080,0.000,0.170,0.183,0.000,0.000,0.000,0.013,0.062,0.000,0.000,0.000,0.000,0.000,0.200,0.000,0.094,0.000,0.000,0.000,0.000,0.000,0.150,0.110,0.000,0.000,0.000,0.517,0.000,0.517,0.000,0.503,0.297,-0.399
1962,0.307,-0.050,-0.050,0.000,0.080,0.000,0.381,0.000,0.000,0.000,0.561,0.491,-0.000,0.000,0.000,0.023,0.000,0.153,0.161,0.000,0.000,0.000,0.004,0.018,0.000,0.000,0.000,0.000,0.000,0.200,0.000,0.093,0.000,0.000,0.000,0.000,0.000,0.150,0.110,0.000,0.000,0.000,0.455,0.000,0.455,0.000,0.443,0.297,-0.399
1963,0.324,-0.050,-0.050,0.000,0.080,0.000,0.381,0.000,0.000,0.000,0.520,0.480,-0.000,0.000,0.000,0.001,0.000,0.125,0.120,0.000,0.000,0.000,0.000,0.000,0.000,0.000,0.000,0.000,0.000,0.200,0.000,0.091,0.000,0.000,0.000,0.000,0.000,0.150,0.110,0.000,0.000,0.000,0.339,0.000,0.339,0.000,0.330,0.297,-0.399
1964,0.321,-0.050,-0.050,0.000,0.080,0.000,0.381,0.000,0.000,0.000,0.498,0.469,-0.000,0.000,0.000,0.001,0.000,0.108,0.126,0.000,0.000,0.000,0.000,0.000,0.000,0.000,0.000,0.000,0.000,0.200,0.000,0.090,0.000,0.000,0.000,0.000,0.000,0.150,0.110,0.000,0.000,0.000,0.336,0.000,0.336,0.000,0.327,0.297,-0.399
1965,0.316,-0.050,-0.050,0.000,0.080,0.000,0.381,0.000,0.000,0.000,0.649,0.498,-0.000,0.000,0.000,0.001,0.000,0.123,0.218,0.000,0.000,0.000,0.000,0.000,0.000,0.000,0.000,0.000,0.000,0.200,0.000,0.071,0.000,0.000,0.000,0.000,0.000,0.150,0.110,0.000,0.000,0.000,0.552,0.000,0.552,0.000,0.537,0.297,-0.399
1966,0.309,-0.050,-0.050,0.000,0.080,0.000,0.381,0.000,0.000,0.000,0.910,0.527,-0.000,0.000,0.000,0.001,0.000,0.138,0.310,0.000,0.000,0.000,0.000,0.000,0.000,0.000,0.000,0.000,0.000,0.200,0.000,0.037,0.000,0.000,0.000,0.000,0.000,0.150,0.110,0.000,0.000,0.000,0.768,0.000,0.768,0.000,0.747,0.297,-0.399
1967,0.303,-0.050,-0.050,0.000,0.080,0.000,0.381,0.000,0.000,0.000,1.000,0.530,-0.000,0.000,0.000,0.001,0.000,0.136,0.341,0.000,0.000,0.000,0.000,0.000,0.000,0.000,0.000,0.000,0.000,0.200,0.000,0.015,0.000,0.000,0.000,0.000,0.000,0.150,0.110,0.000,0.000,0.000,0.836,0.000,0.836,0.000,0.814,0.297,-0.399
1968,0.301,-0.050,-0.050,0.000,0.080,0.000,0.381,0.000,0.000,0.000,1.000,0.515,-0.000,0.000,0.000,0.001,0.000,0.135,0.344,0.000,0.000,0.000,0.000,0.000,0.000,0.000,0.000,0.000,0.000,0.200,0.000,0.010,0.000,0.000,0.000,0.000,0.000,0.150,0.110,0.000,0.000,0.000,0.845,0.000,0.845,0.000,0.823,0.297,-0.399
1969,0.318,-0.050,-0.050,0.000,0.080,0.000,0.381,0.000,0.000,0.000,1.000,0.463,-0.000,0.000,0.000,0.009,0.000,0.128,0.339,0.008,0.000,0.000,0.000,0.000,0.000,0.000,0.000,0.000,0.000,0.200,0.000,0.007,0.000,0.000,0.000,0.000,0.000,0.150,0.110,0.000,0.000,0.000,0.820,0.000,0.820,0.000,0.798,0.297,-0.399
1970,0.354,-0.050,-0.050,0.000,0.080,0.000,0.381,0.000,0.000,0.000,1.000,0.378,-0.000,0.000,0.000,0.030,0.000,0.111,0.317,0.028,0.000,0.000,0.000,0.000,0.000,0.000,0.000,0.000,0.000,0.200,0.000,0.007,0.000,0.000,0.000,0.000,0.000,0.150,0.110,0.000,0.000,0.000,0.733,0.000,0.733,0.000,0.713,0.297,-0.399
1971,0.391,-0.050,-0.050,0.000,0.080,0.000,0.381,0.000,0.000,0.000,1.000,0.279,-0.000,0.000,0.000,0.102,0.000,0.089,0.282,0.052,0.000,0.000,0.007,0.035,0.000,0.000,0.000,0.000,0.000,0.200,0.000,0.008,0.000,0.000,0.000,0.000,0.000,0.150,0.110,0.000,0.000,0.000,0.607,0.000,0.607,0.000,0.591,0.297,-0.399
1972,0.408,-0.050,-0.050,0.000,0.080,0.000,0.381,0.000,0.000,0.000,1.000,0.189,-0.000,0.000,0.000,0.232,0.000,0.069,0.242,0.072,0.000,0.000,0.024,0.119,0.000,0.000,0.000,0.000,0.000,0.200,0.000,0.010,0.000,0.000,0.000,0.000,0.000,0.150,0.110,0.000,0.000,0.000,0.479,0.000,0.479,0.000,0.466,0.297,-0.399
1973,0.408,-0.050,-0.050,0.000,0.080,0.000,0.381,0.000,0.000,0.000,1.000,0.130,-0.000,0.000,0.000,0.370,0.000,0.059,0.207,0.080,0.000,0.000,0.045,0.218,0.000,0.000,0.000,0.000,0.000,0.200,0.000,0.012,0.000,0.000,0.000,0.000,0.000,0.150,0.110,0.000,0.000,0.000,0.386,0.000,0.386,0.000,0.376,0.297,-0.399
1974,0.407,-0.050,-0.050,0.000,0.080,0.000,0.381,0.000,0.000,0.000,1.000,0.112,-0.000,0.000,0.000,0.476,0.000,0.056,0.178,0.080,0.000,0.000,0.062,0.302,0.000,0.000,0.000,0.000,0.000,0.200,0.000,0.014,0.000,0.000,0.000,0.000,0.000,0.150,0.110,0.000,0.000,0.000,0.325,0.000,0.325,0.000,0.317,0.297,-0.399
1975,0.407,-0.050,-0.050,0.000,0.080,0.000,0.381,0.000,0.000,0.000,1.000,0.112,0.038,0.000,0.000,0.521,0.000,0.054,0.154,0.080,0.000,0.000,0.069,0.337,0.000,0.000,0.000,0.000,0.000,0.200,0.000,0.014,0.000,0.000,0.000,0.000,0.000,0.150,0.110,0.000,0.000,0.000,0.275,0.000,0.275,0.000,0.267,0.297,-0.399
1976,0.406,-0.050,-0.050,0.000,0.080,0.000,0.381,0.000,0.000,0.000,1.000,0.112,0.130,0.000,0.000,0.521,0.000,0.051,0.138,0.080,0.000,0.000,0.069,0.337,0.000,0.000,0.000,0.000,0.000,0.200,0.000,0.020,0.000,0.000,0.000,0.000,0.000,0.150,0.110,0.000,0.000,0.000,0.240,0.000,0.240,0.000,0.233,0.297,-0.399
1977,0.404,-0.050,-0.050,0.000,0.080,0.000,0.381,0.000,0.000,0.000,1.000,0.112,0.240,0.000,0.000,0.460,0.000,0.049,0.132,0.080,0.000,0.000,0.059,0.289,0.000,0.000,0.000,0.000,0.000,0.200,0.000,0.036,0.000,0.000,0.000,0.000,0.000,0.150,0.110,0.000,0.000,0.000,0.227,0.000,0.227,0.000,0.221,0.297,-0.399
1978,0.402,-0.050,-0.050,0.000,0.080,0.000,0.381,0.000,0.000,0.000,1.000,0.112,0.332,0.000,0.000,0.338,0.000,0.047,0.131,0.080,0.000,0.000,0.040,0.194,0.000,0.000,0.000,0.000,0.000,0.200,0.000,0.060,0.000,0.000,0.000,0.000,0.000,0.150,0.110,0.000,0.000,0.000,0.226,0.000,0.226,0.000,0.220,0.297,-0.399
1979,0.399,-0.050,-0.050,0.000,0.080,0.000,0.376,0.000,0.000,0.000,1.000,0.110,0.370,0.000,0.000,0.249,0.000,0.044,0.130,0.080,0.000,0.000,0.025,0.124,0.000,0.000,0.000,0.000,0.000,0.200,0.000,0.091,0.000,0.000,0.000,0.000,0.000,0.150,0.110,0.000,0.000,0.000,0.222,0.000,0.222,0.000,0.216,0.297,-0.399
1980,0.394,-0.050,-0.050,0.000,0.080,0.000,0.364,0.000,0.000,0.000,0.992,0.108,0.370,0.000,0.000,0.204,0.000,0.041,0.125,0.077,0.000,0.000,0.019,0.092,0.000,0.000,0.000,0.000,0.000,0.200,0.000,0.125,0.000,0.000,0.000,0.000,0.000,0.150,0.110,0.000,0.000,0.000,0.213,0.000,0.213,0.000,0.207,0.297,-0.399
1981,0.388,-0.050,-0.050,0.000,0.080,0.000,0.347,0.000,0.000,0.000,0.969,0.105,0.370,0.000,0.000,0.158,0.000,0.038,0.113,0.068,0.000,0.000,0.013,0.065,0.000,0.000,0.000,0.000,0.000,0.200,0.000,0.162,0.000,0.000,0.000,0.000,0.000,0.150,0.110,0.000,0.000,0.000,0.197,0.000,0.197,0.000,0.192,0.297,-0.399
1982,0.381,-0.050,-0.050,0.000,0.080,0.000,0.325,0.000,0.000,0.000,0.942,0.101,0.370,0.000,0.000,0.114,0.000,0.034,0.099,0.055,0.000,0.000,0.009,0.042,0.000,0.000,0.000,0.000,0.000,0.200,0.000,0.198,0.000,0.000,0.000,0.000,0.000,0.150,0.110,0.000,0.000,0.000,0.178,0.000,0.178,0.000,0.173,0.297,-0.399
1983,0.373,-0.050,-0.050,0.000,0.080,0.000,0.302,0.000,0.000,0.000,0.887,0.097,0.354,0.000,0.000,0.073,0.000,0.031,0.082,0.040,0.000,0.000,0.005,0.024,0.000,0.000,0.000,0.000,0.000,0.200,0.000,0.232,0.000,0.000,0.000,0.000,0.000,0.150,0.110,0.000,0.000,0.000,0.157,0.000,0.157,0.000,0.153,0.297,-0.399
1984,0.362,-0.050,-0.050,0.000,0.080,0.000,0.278,0.000,0.000,0.000,0.790,0.156,0.312,0.000,0.000,0.040,0.000,0.027,0.065,0.025,0.000,0.000,0.002,0.011,0.000,0.000,0.000,0.000,0.000,0.200,0.000,0.263,0.000,0.000,0.000,0.000,0.000,0.150,0.110,0.000,0.000,0.000,0.137,0.000,0.137,0.000,0.133,0.012,-0.399
1985,0.350,-0.050,-0.050,0.000,0.080,0.000,0.257,0.000,0.000,0.000,0.671,0.281,0.255,0.000,0.000,0.016,0.000,0.024,0.050,0.013,0.000,0.000,0.001,0.003,0.000,0.000,0.000,0.000,0.000,0.200,0.000,0.287,0.000,0.000,0.000,0.000,0.000,0.150,0.110,0.000,0.000,0.000,0.119,0.000,0.119,0.000,0.116,-0.517,-0.399
1986,0.316,-0.050,-0.050,0.000,0.080,0.000,0.239,0.000,0.000,0.000,0.546,0.382,0.193,0.000,0.000,0.004,0.000,0.022,0.040,0.003,0.000,0.000,0.000,0.000,0.000,0.000,0.000,0.000,0.000,0.200,0.000,0.303,0.000,0.000,0.000,0.000,0.000,0.150,0.110,0.000,0.000,0.000,0.106,0.000,0.106,0.000,0.103,-0.802,-0.399
1987,0.253,-0.050,-0.050,0.000,0.080,0.000,0.227,0.000,0.000,0.000,0.435,0.436,0.135,0.000,0.000,0.000,0.000,0.021,0.035,0.000,0.000,0.000,0.000,0.000,0.000,0.000,0.000,0.000,0.000,0.200,0.000,0.309,0.000,0.000,0.000,0.000,0.000,0.150,0.110,0.000,0.000,0.000,0.099,0.000,0.099,0.000,0.096,-0.802,-0.399
1988,0.175,-0.050,-0.050,0.000,0.080,0.000,0.223,0.000,0.000,0.000,0.434,0.477,0.093,0.000,0.000,0.000,0.000,0.021,0.034,0.000,0.000,0.000,0.000,0.000,0.000,0.000,0.000,0.000,0.000,0.200,0.000,0.309,0.000,0.000,0.000,0.000,0.000,0.150,0.110,0.000,0.000,0.000,0.096,0.000,0.096,0.000,0.093,-0.802,-0.399
1989,0.100,-0.050,-0.037,0.000,0.080,0.000,0.223,0.000,0.000,0.000,0.433,0.504,0.077,0.000,0.000,0.000,0.000,0.020,0.033,0.000,0.000,0.000,0.000,0.000,0.000,0.000,0.000,0.000,0.000,0.200,0.000,0.309,0.000,0.000,0.000,0.000,0.000,0.150,0.110,0.000,0.000,0.000,0.094,0.000,0.094,0.000,0.091,-0.610,-0.399
1990,0.043,-0.050,-0.013,0.000,0.080,0.000,0.223,0.000,0.000,0.000,0.433,0.513,0.077,0.000,0.000,0.000,0.000,0.020,0.033,0.000,0.000,0.000,0.000,0.000,0.000,0.000,0.000,0.000,0.000,0.200,0.000,0.309,0.000,0.000,0.000,0.000,0.000,0.150,0.110,0.000,0.000,0.000,0.092,0.000,0.092,0.000,0.090,-0.186,-0.399
1991,0.020,-0.050,0.000,0.000,0.080,0.000,0.223,0.000,0.000,0.000,0.432,0.512,0.077,0.000,0.000,0.000,0.000,0.019,0.032,0.000,0.000,0.000,0.000,0.000,0.000,0.000,0.000,0.000,0.000,0.200,0.000,0.309,0.000,0.000,0.000,0.000,0.000,0.150,0.110,0.000,0.000,0.000,0.091,0.000,0.091,0.000,0.088,0.238,-0.381
1992,0.020,-0.050,0.000,0.000,0.080,0.000,0.223,0.001,0.000,0.000,0.432,0.512,0.077,0.000,0.000,0.000,0.000,0.019,0.032,0.000,0.000,0.000,0.000,0.000,0.000,0.000,0.000,0.000,0.000,0.200,0.000,0.309,0.000,0.000,0.000,0.000,0.000,0.150,0.110,0.000,0.000,0.000,0.090,0.000,0.090,0.000,0.088,0.430,-0.331
1993,0.020,-0.050,0.000,0.000,0.080,0.000,0.223,0.003,0.000,0.000,0.432,0.511,0.077,0.000,0.000,0.000,0.000,0.019,0.032,0.000,0.000,0.000,0.000,0.000,0.000,0.000,0.000,0.000,0.000,0.200,0.000,0.309,0.000,0.000,0.000,0.000,0.000,0.150,0.110,0.000,0.000,0.000,0.090,0.000,0.090,0.000,0.087,0.430,-0.259
1994,0.019,-0.050,0.000,0.000,0.080,0.000,0.223,0.006,0.000,0.000,0.432,0.521,0.077,0.000,0.000,0.000,0.000,0.019,0.032,0.000,0.000,0.000,0.000,0.000,0.000,0.000,0.000,0.000,0.000,0.200,0.000,0.309,0.000,0.000,0.000,0.000,0.000,0.150,0.110,0.000,0.000,0.000,0.090,0.000,0.090,0.000,0.087,0.430,-0.171
1995,0.016,-0.050,0.000,0.000,0.080,0.000,0.223,0.011,0.000,0.000,0.432,0.539,0.077,0.000,0.000,0.000,0.000,0.019,0.032,0.000,0.000,0.000,0.000,0.000,0.000,0.000,0.000,0.000,0.000,0.200,0.000,0.309,0.000,0.000,0.000,0.000,0.000,0.150,0.110,0.000,0.000,0.000,0.089,0.000,0.089,0.000,0.087,0.430,-0.076
1996,0.011,-0.050,0.000,0.000,0.080,0.000,0.223,0.016,0.000,0.000,0.432,0.549,0.077,0.000,0.000,0.000,0.000,0.019,0.032,0.000,0.000,0.000,0.000,0.000,0.000,0.000,0.000,0.000,0.000,0.200,0.000,0.309,0.000,0.000,0.000,0.000,0.000,0.150,0.110,0.000,0.000,0.000,0.089,0.000,0.089,0.000,0.087,0.430,0.020
1997,0.007,-0.050,0.000,0.000,0.080,0.000,0.202,0.021,0.000,0.000,0.432,0.481,0.089,0.000,0.000,0.000,0.000,0.019,0.032,0.000,0.000,0.000,0.000,0.000,0.000,0.000,0.000,0.000,0.000,0.200,0.000,0.309,0.000,0.000,0.000,0.000,0.000,0.150,0.110,0.000,0.000,0.000,0.090,0.000,0.090,0.000,0.087,0.430,0.108
1998,0.003,-0.050,0.000,0.000,0.080,0.000,0.165,0.027,0.000,0.000,0.432,0.354,0.110,0.000,0.000,0.000,0.000,0.020,0.032,0.000,0.000,0.000,0.000,0.000,0.000,0.000,0.000,0.000,0.000,0.200,0.000,0.309,0.000,0.000,0.000,0.000,0.000,0.150,0.110,0.000,0.000,0.000,0.091,0.000,0.091,0.000,0.089,0.430,0.180
1999,-0.001,-0.050,0.000,0.000,0.080,0.000,0.144,0.033,0.000,0.000,0.433,0.286,0.121,0.000,0.000,0.000,0.000,0.020,0.033,0.000,0.000,0.000,0.000,0.000,0.000,0.000,0.000,0.000,0.000,0.200,0.000,0.309,0.000,0.000,0.000,0.000,0.000,0.150,0.110,0.000,0.000,0.000,0.093,0.000,0.093,0.000,0.091,0.430,0.229
2000,-0.002,-0.050,0.000,0.000,0.080,0.000,0.144,0.039,0.000,0.000,0.434,0.287,0.121,0.000,0.000,0.000,0.000,0.020,0.034,0.000,0.000,0.000,0.000,0.000,0.000,0.000,0.000,0.000,0.000,0.200,0.000,0.309,0.000,0.000,0.000,0.000,0.000,0.150,0.110,0.000,0.000,0.000,0.095,0.000,0.095,0.000,0.092,0.430,0.247
2001,-0.002,-0.050,0.000,0.000,0.080,0.000,0.144,0.044,0.000,0.000,0.434,0.287,0.121,0.000,0.000,0.000,0.000,0.021,0.034,0.000,0.000,0.000,0.000,0.000,0.000,0.000,0.000,0.000,0.000,0.200,0.000,0.309,0.000,0.000,0.000,0.000,0.000,0.150,0.110,0.000,0.000,0.000,0.097,0.000,0.097,0.000,0.094,0.430,0.247
2002,-0.002,-0.050,0.000,0.000,0.080,0.000,0.144,0.049,0.000,0.000,0.435,0.295,0.121,0.000,0.000,0.000,0.000,0.021,0.035,0.000,0.000,0.000,0.000,0.000,0.000,0.000,0.000,0.000,0.000,0.209,0.000,0.309,0.000,0.000,0.000,0.000,0.000,0.150,0.110,0.000,0.000,0.000,0.099,0.000,0.099,0.000,0.096,0.430,0.247
2003,-0.002,-0.050,0.000,0.000,0.080,0.000,0.144,0.054,0.000,0.000,0.435,0.309,0.121,0.000,0.000,0.000,0.000,0.021,0.035,0.000,0.000,0.000,0.000,0.000,0.000,0.000,0.000,0.000,0.000,0.230,0.000,0.309,0.000,0.000,0.000,0.000,0.000,0.150,0.110,0.000,0.000,0.000,0.099,0.000,0.099,0.000,0.096,0.430,0.247
2004,-0.002,-0.050,0.000,0.000,0.080,0.000,0.144,0.057,0.000,0.000,0.435,0.316,0.121,0.000,0.000,0.000,0.000,0.021,0.035,0.000,0.000,0.000,0.000,0.000,0.000,0.000,0.000,0.000,0.000,0.250,0.000,0.309,0.000,0.000,0.000,0.000,0.000,0.150,0.110,0.000,0.000,0.000,0.099,0.000,0.099,0.000,0.096,0.430,0.247
2005,-0.002,-0.050,0.000,0.000,0.080,0.000,0.144,0.059,0.000,0.000,0.435,0.316,0.121,0.000,0.000,0.000,0.000,0.021,0.035,0.000,0.000,0.000,0.000,0.000,0.000,0.000,0.000,0.000,0.000,0.259,0.000,0.309,0.000,0.000,0.000,0.000,0.000,0.150,0.110,0.000,0.000,0.000,0.099,0.000,0.099,0.000,0.096,0.430,0.247
