,faceMuscles.frontalis,faceMuscles.currogator,faceMuscles.medFrontalis,faceMuscles.orbOculi,faceMuscles.orbOculi_L,faceMuscles.orbOculi_R,faceMuscles.orbOculi_out,faceMuscles.latFrontalis,faceMuscles.latFrontalis_L,faceMuscles.latFrontalis_R,faceMuscles.LabInf,faceMuscles.zygomatic,faceMuscles.labSup,faceMuscles.labSup_AN,faceMuscles.triangularis,faceMuscles.incisivus,faceMuscles.mentalis,faceMuscles.risoriusPlatysma,faceMuscles.orbOris_loose_lo,faceMuscles.orbOris_loose_hi,faceMuscles.orbOris_tight_lo,faceMuscles.orbOris_tight_hi,faceMuscles.orbOri0s_tight_hi2,faceMuscles.orbOris_tight_lo2,faceMuscles.mouthClose,faceMuscles.orbOculi_lo,faceMuscles.buccinator,faceMuscles.orbOculi_lo_L,faceMuscles.orbOculi_lo_R,faceMuscles.labSup_L,faceMuscles.labSup_R,faceMuscles.zygomatic_L,faceMuscles.zygomatic_R,faceMuscles.risoriusPlatysma_L,faceMuscles.risoriusPlatysma_R,faceMuscles.levAnguliOris,faceMuscles.dilatorNaris,faceMuscles.Zyg_Minor,faceMuscles.mentalis_lowerLip,faceMuscles.triangularis_L,faceMuscles.triangularis_R,faceMuscles.orbOris_up_hi,faceMuscles.jawOpenComp,faceMuscles.blow,jaw.rotateZ,jaw.rotateY,jaw.translateX,blink_ctl.translateY,loBlink_ctl.translateY
2956,0.000,-0.220,0.000,0.000,0.000,-0.260,0.000,0.000,0.000,0.000,0.000,0.000,0.000,0.000,0.000,0.000,0.310,0.000,0.000,0.000,0.000,0.000,0.000,0.000,0.000,0.690,0.000,0.000,0.000,0.000,0.000,0.000,0.000,0.000,0.000,0.000,0.000,0.000,0.000,0.000,0.000,0.000,0.000,0.000,-0.000,0.000,-0.000,0.000,0.000
2957,0.000,-0.220,0.000,0.000,0.000,-0.260,0.000,0.000,0.000,0.000,0.000,0.000,0.000,0.000,0.000,0.000,0.310,0.000,0.000,0.000,0.000,0.000,0.000,0.000,0.000,0.690,0.000,0.000,0.000,0.000,0.000,0.000,0.000,0.000,0.000,0.000,0.000,0.000,0.000,0.000,0.000,0.000,0.000,0.000,-0.000,0.000,-0.000,0.000,0.000
2958,0.000,-0.220,0.000,0.000,0.000,-0.260,0.000,0.000,0.000,0.000,0.000,0.000,0.000,0.000,0.000,0.000,0.310,0.000,0.000,0.000,0.000,0.000,0.000,0.000,0.000,0.690,0.000,0.000,0.000,0.000,0.000,0.000,0.000,0.000,0.000,0.000,0.000,0.000,0.000,0.000,0.000,0.000,0.000,0.000,-0.000,0.000,-0.000,0.000,0.000
2959,0.000,-0.220,0.000,0.000,0.000,-0.260,0.000,0.000,0.000,0.000,0.000,0.000,0.000,0.000,0.000,0.000,0.310,0.000,0.000,0.000,0.000,0.000,0.000,0.000,0.000,0.690,0.000,0.000,0.000,0.000,0.000,0.000,0.000,0.000,0.000,0.000,0.000,0.000,0.000,0.000,0.000,0.000,0.000,0.000,-0.000,0.000,-0.000,0.000,0.000
2960,0.000,-0.220,0.000,0.000,0.000,-0.260,0.000,0.000,0.000,0.000,0.000,0.000,0.000,0.000,0.000,0.000,0.310,0.000,0.000,0.000,0.000,0.000,0.000,0.000,0.000,0.690,0.000,0.000,0.000,0.000,0.000,0.000,0.000,0.000,0.000,0.000,0.000,0.000,0.000,0.000,0.000,0.000,0.000,0.000,-0.000,0.000,-0.000,0.000,0.000
2961,0.000,-0.220,0.000,0.000,0.000,-0.260,0.000,0.000,0.000,0.000,0.000,0.000,0.000,0.000,0.000,0.000,0.310,0.000,0.000,0.000,0.000,0.000,0.000,0.000,0.000,0.690,0.000,0.000,0.000,0.000,0.000,0.000,0.000,0.000,0.000,0.000,0.000,0.000,0.000,0.000,0.000,0.000,0.000,0.000,-0.000,0.000,-0.000,0.000,0.000
2962,0.000,-0.220,0.000,0.000,0.000,-0.260,0.000,0.000,0.000,0.000,0.000,0.000,0.000,0.000,0.000,0.000,0.310,0.000,0.000,0.000,0.000,0.000,0.000,0.000,0.000,0.690,0.000,0.000,0.000,0.000,0.000,0.000,0.000,0.000,0.000,0.000,0.000,0.000,0.000,0.000,0.000,0.000,0.000,0.000,-0.000,0.000,-0.000,0.000,0.000
2963,0.000,-0.220,0.000,0.000,0.000,-0.260,0.000,0.000,0.000,0.000,0.000,0.000,0.000,0.000,0.000,0.000,0.310,0.000,0.000,0.000,0.000,0.000,0.000,0.000,0.000,0.690,0.000,0.000,0.000,0.000,0.000,0.000,0.000,0.000,0.000,0.000,0.000,0.000,0.000,0.000,0.000,0.000,0.000,0.000,-0.000,0.000,-0.000,0.000,0.000
2964,0.000,-0.220,0.000,0.000,0.000,-0.260,0.000,0.000,0.000,0.000,0.000,0.000,0.000,0.000,0.000,0.000,0.310,0.000,0.000,0.000,0.000,0.000,0.000,0.000,0.000,0.690,0.000,0.000,0.000,0.000,0.000,0.000,0.000,0.000,0.000,0.000,0.000,0.000,0.000,0.000,0.000,0.000,0.000,0.000,-0.000,0.000,-0.000,0.000,0.000
2965,0.000,-0.220,0.000,0.000,0.000,-0.260,0.000,0.000,0.000,0.000,0.000,0.000,0.000,0.000,0.000,0.000,0.310,0.000,0.000,0.000,0.000,0.000,0.000,0.000,0.000,0.690,0.000,0.000,0.000,0.000,0.000,0.000,0.000,0.000,0.000,0.000,0.000,0.000,0.000,0.000,0.000,0.000,0.000,0.000,-0.000,0.000,-0.000,0.000,0.000
2966,0.000,-0.220,0.000,0.000,0.000,-0.260,0.000,0.000,0.000,0.000,0.000,0.000,0.000,0.000,0.000,0.000,0.310,0.000,0.000,0.000,0.000,0.000,0.000,0.000,0.000,0.690,0.000,0.000,0.000,0.000,0.000,0.000,0.000,0.000,0.000,0.000,0.000,0.000,0.000,0.000,0.000,0.000,0.000,0.000,-0.000,0.000,-0.000,0.000,0.000
2967,0.000,-0.220,0.000,0.000,0.000,-0.260,0.000,0.000,0.000,0.000,0.000,0.000,0.000,0.000,0.000,0.000,0.310,0.000,0.000,0.000,0.000,0.000,0.000,0.000,0.000,0.690,0.000,0.000,0.000,0.000,0.000,0.000,0.000,0.000,0.000,0.000,0.000,0.000,0.000,0.000,0.000,0.000,0.000,0.000,-0.000,0.000,-0.000,0.000,0.000
2968,0.000,-0.158,0.062,0.000,0.000,-0.260,0.000,0.000,0.000,0.000,0.000,0.000,0.000,0.000,0.000,0.000,0.310,0.000,0.000,0.000,0.000,0.000,0.000,0.000,0.000,0.690,0.000,0.000,0.000,0.000,0.000,0.000,0.000,0.000,0.000,0.000,0.000,0.000,0.000,0.000,0.000,0.000,0.000,0.000,-0.000,0.000,-0.000,0.000,0.000
2969,0.000,-0.006,0.214,0.000,0.000,-0.260,0.000,0.000,0.000,0.000,0.000,0.000,0.000,0.000,0.000,0.000,0.310,0.000,0.000,0.000,0.000,0.000,0.000,0.000,0.000,0.690,0.000,0.000,0.000,0.000,0.000,0.000,0.000,0.000,0.000,0.000,0.000,0.000,0.000,0.000,0.000,0.000,0.000,0.000,-0.000,0.000,-0.000,0.000,0.000
2970,0.000,0.180,0.400,0.000,0.000,-0.260,0.000,0.000,0.000,0.000,0.000,0.000,0.000,0.000,0.000,0.000,0.330,0.000,0.000,0.000,0.000,0.000,0.000,0.000,0.000,0.690,0.000,0.000,0.000,0.000,0.000,0.000,0.000,0.000,0.000,0.000,0.000,0.000,0.000,0.000,0.000,0.000,0.000,0.000,-0.000,0.000,-0.000,0.000,0.000
2971,0.000,0.346,0.566,0.000,0.000,-0.260,0.000,0.000,0.000,0.000,0.000,0.000,0.000,0.000,0.000,0.000,0.384,0.000,0.000,0.000,0.000,0.000,0.000,0.000,0.000,0.690,0.000,0.000,0.000,0.000,0.000,0.000,0.000,0.000,0.000,0.000,0.000,0.000,0.000,0.000,0.000,0.000,0.000,0.000,-0.000,0.000,-0.000,0.000,0.000
2972,0.000,0.440,0.660,0.000,0.000,-0.260,0.000,0.000,0.000,0.000,0.000,0.000,0.000,0.000,0.000,0.000,0.463,0.000,0.000,0.000,0.000,0.000,0.000,0.000,0.000,0.690,0.000,0.000,0.000,0.000,0.000,0.000,0.000,0.000,0.000,0.000,0.000,0.000,0.000,0.000,0.000,0.000,0.000,0.000,-0.000,0.000,-0.000,0.000,0.000
2973,0.000,0.475,0.695,0.000,0.000,-0.260,0.000,0.000,0.000,0.000,0.000,0.000,0.000,0.000,0.000,0.000,0.556,0.000,0.000,0.000,0.000,0.000,0.000,0.000,0.000,0.690,0.000,0.000,0.000,0.000,0.000,0.000,0.000,0.000,0.000,0.000,0.000,0.000,0.000,0.000,0.000,0.000,0.000,0.000,-0.000,0.000,-0.000,0.000,0.000
2974,0.000,0.503,0.723,0.000,0.000,-0.260,0.000,0.000,0.000,0.000,0.000,0.000,0.000,0.000,0.000,0.000,0.654,0.000,0.000,0.000,0.000,0.000,0.000,0.000,0.000,0.690,0.000,0.000,0.000,0.000,0.000,0.000,0.000,0.000,0.000,0.000,0.000,0.000,0.000,0.000,0.000,0.000,0.000,0.000,-0.000,0.000,-0.000,0.000,0.000
2975,0.000,0.525,0.745,0.000,0.000,-0.260,0.000,0.000,0.000,0.000,0.000,0.000,0.000,0.000,0.000,0.000,0.748,0.000,0.000,0.000,0.000,0.000,0.000,0.000,0.000,0.690,0.000,0.000,0.000,0.000,0.000,0.000,0.000,0.000,0.000,0.000,0.000,0.000,0.000,0.000,0.000,0.000,0.000,0.000,-0.000,0.000,-0.000,0.000,0.000
2976,0.000,0.542,0.762,0.000,0.000,-0.260,0.000,0.000,0.000,0.000,0.000,0.000,0.000,0.000,0.000,0.000,0.828,0.000,0.000,0.000,0.000,0.000,0.000,0.000,0.000,0.690,0.000,0.000,0.000,0.000,0.000,0.000,0.000,0.000,0.000,0.000,0.000,0.000,0.000,0.000,0.000,0.000,0.000,0.000,-0.000,0.000,-0.000,0.000,0.000
2977,0.000,0.554,0.774,0.000,0.000,-0.260,0.000,0.000,0.000,0.000,0.000,0.000,0.000,0.000,0.000,0.000,0.884,0.000,0.000,0.000,0.000,0.000,0.000,0.000,0.000,0.690,0.000,0.000,0.000,0.000,0.000,0.000,0.000,0.000,0.000,0.000,0.000,0.000,0.000,0.000,0.000,0.000,0.000,0.000,-0.000,0.000,-0.000,0.000,0.000
2978,0.000,0.562,0.782,0.000,0.000,-0.260,0.000,0.000,0.000,0.000,0.000,0.000,0.000,0.000,0.000,0.000,0.921,0.000,0.000,0.000,0.000,0.000,0.000,0.000,0.000,0.690,0.000,0.000,0.000,0.000,0.000,0.000,0.000,0.000,0.000,0.000,0.000,0.000,0.000,0.000,0.000,0.000,0.000,0.000,-0.000,0.000,-0.000,0.000,0.000
2979,0.000,0.566,0.786,0.000,0.000,-0.260,0.000,0.000,0.000,0.000,0.000,0.000,0.000,0.000,0.000,0.000,0.949,0.000,0.000,0.000,0.000,0.000,0.000,0.000,0.000,0.690,0.000,0.000,0.000,0.000,0.000,0.000,0.000,0.000,0.000,0.000,0.000,0.000,0.000,0.000,0.000,0.000,0.000,0.000,-0.000,0.000,-0.000,0.000,0.000
2980,0.000,0.569,0.789,0.000,0.000,-0.260,0.000,0.000,0.000,0.000,0.000,0.000,0.000,0.000,0.000,0.000,0.971,0.000,0.000,0.000,0.000,0.000,0.000,0.000,0.000,0.690,0.000,0.000,0.000,0.000,0.000,0.000,0.000,0.000,0.000,0.000,0.000,0.000,0.000,0.000,0.000,0.000,0.000,0.000,-0.000,0.000,-0.000,0.000,0.000
2981,0.000,0.570,0.790,0.016,0.000,-0.260,0.000,0.000,0.000,0.000,0.000,0.000,0.000,0.000,0.000,0.000,0.986,0.000,0.000,0.000,0.000,0.000,0.000,0.000,0.000,0.690,0.000,0.000,0.000,0.000,0.000,0.000,0.000,0.000,0.000,0.000,0.000,0.000,0.000,0.000,0.000,0.000,0.000,0.000,-0.000,0.000,-0.000,0.000,0.000
2982,0.000,0.570,0.790,0.056,0.000,-0.260,0.000,0.000,0.000,0.000,0.000,0.000,0.000,0.000,0.000,0.000,0.997,0.000,0.000,0.000,0.000,0.000,0.000,0.000,0.000,0.690,0.000,0.000,0.000,0.000,0.000,0.000,0.000,0.000,0.000,0.000,0.000,0.000,0.000,0.000,0.000,0.000,0.000,0.000,-0.000,0.000,-0.000,0.000,0.000
2983,0.000,0.559,0.779,0.106,0.000,-0.260,0.000,0.000,0.000,0.000,0.000,0.000,0.000,0.000,0.000,0.000,1.000,0.000,0.000,0.000,0.000,0.000,0.000,0.000,0.000,0.690,0.000,0.000,0.000,0.000,0.000,0.000,0.000,0.000,0.000,0.000,0.000,0.000,0.000,0.000,0.000,0.000,0.000,0.000,-0.000,0.000,-0.000,0.000,0.000
2984,0.000,0.531,0.751,0.152,0.000,-0.260,0.000,0.000,0.000,0.000,0.000,0.000,0.000,0.000,0.000,0.000,1.000,0.000,0.000,0.000,0.000,0.000,0.000,0.000,0.000,0.690,0.000,0.000,0.000,0.000,0.000,0.000,0.000,0.000,0.000,0.000,0.000,0.000,0.000,0.000,0.000,0.000,0.000,0.000,-0.000,0.000,-0.000,0.000,0.000
2985,0.000,0.487,0.707,0.179,0.000,-0.260,0.000,0.000,0.000,0.000,0.000,0.000,0.000,0.000,0.000,0.000,1.000,0.000,0.000,0.000,0.000,0.000,0.000,0.000,0.000,0.690,0.000,0.000,0.000,0.000,0.000,0.000,0.000,0.000,0.000,0.000,0.000,0.000,0.000,0.000,0.000,0.000,0.000,0.000,-0.000,0.000,-0.000,-0.177,0.000
2986,0.000,0.434,0.654,0.192,0.000,-0.260,0.000,0.000,0.000,0.000,0.000,0.000,0.000,0.000,0.000,0.000,1.000,0.000,0.000,0.000,0.000,0.000,0.000,0.000,0.000,0.690,0.000,0.000,0.000,0.000,0.000,0.000,0.000,0.000,0.000,0.000,0.000,0.000,0.000,0.000,0.000,0.000,0.000,0.000,-0.000,0.000,-0.000,-0.566,0.000
2987,0.000,0.375,0.595,0.201,0.000,-0.260,0.000,0.000,0.000,0.000,0.000,0.000,0.000,0.000,0.000,0.000,1.000,0.000,0.000,0.000,0.000,0.000,0.000,0.000,0.000,0.690,0.000,0.000,0.000,0.000,0.000,0.000,0.000,0.000,0.000,0.000,0.000,0.000,0.000,0.000,0.000,0.000,0.000,0.000,-0.000,0.000,-0.000,-0.956,0.000
2988,0.000,0.313,0.533,0.207,0.000,-0.260,0.000,0.000,0.000,0.000,0.000,0.000,0.000,0.000,0.000,0.000,1.000,0.000,0.000,0.000,0.000,0.000,0.000,0.000,0.000,0.690,0.000,0.000,0.000,0.000,0.000,0.000,0.000,0.000,0.000,0.000,0.000,0.000,0.000,0.000,0.000,0.000,0.000,0.000,-0.000,0.000,-0.000,-1.000,0.000
2989,0.000,0.254,0.474,0.209,0.000,-0.260,0.000,0.000,0.000,0.000,0.000,0.000,0.000,0.000,0.000,0.000,1.000,0.000,0.000,0.000,0.000,0.000,0.000,0.000,0.000,0.690,0.000,0.000,0.000,0.000,0.000,0.000,0.000,0.000,0.000,0.000,0.000,0.000,0.000,0.000,0.000,0.000,0.000,0.000,-0.000,0.000,-0.000,-1.000,0.000
2990,0.000,0.200,0.420,0.208,0.000,-0.260,0.000,0.000,0.000,0.000,0.000,0.000,0.000,0.000,0.000,0.000,0.994,0.000,0.000,0.000,0.000,0.000,0.000,0.000,0.000,0.690,0.000,0.000,0.000,0.000,0.000,0.000,0.000,0.000,0.000,0.000,0.000,0.000,0.000,0.000,0.000,0.000,0.000,0.000,-0.000,0.000,-0.000,-1.000,0.000
2991,0.000,0.157,0.377,0.202,0.000,-0.260,0.000,0.000,0.000,0.000,0.000,0.000,0.000,0.000,0.000,0.000,0.981,0.000,0.000,0.000,0.000,0.000,0.000,0.000,0.000,0.690,0.000,0.000,0.000,0.000,0.000,0.000,0.000,0.000,0.000,0.000,0.000,0.000,0.000,0.000,0.000,0.000,0.000,0.000,-0.000,0.000,-0.000,-1.000,0.000
2992,0.000,0.128,0.348,0.193,0.000,-0.260,0.000,0.000,0.000,0.000,0.000,0.000,0.000,0.000,0.000,0.000,0.962,0.000,0.000,0.000,0.000,0.000,0.000,0.000,0.000,0.690,0.000,0.000,0.000,0.000,0.000,0.000,0.000,0.000,0.000,0.000,0.000,0.000,0.000,0.000,0.000,0.000,0.000,0.000,-0.000,0.000,-0.000,-1.000,0.000
2993,0.000,0.118,0.338,0.179,0.000,-0.260,0.000,0.000,0.000,0.000,0.000,0.000,0.000,0.000,0.000,0.000,0.935,0.000,0.000,0.000,0.000,0.000,0.000,0.000,0.000,0.690,0.000,0.000,0.000,0.000,0.000,0.000,0.000,0.000,0.000,0.000,0.000,0.000,0.000,0.000,0.000,0.000,0.000,0.000,-0.000,0.000,-0.000,-0.956,0.000
2994,0.000,0.118,0.338,0.163,0.000,-0.260,0.000,0.000,0.000,0.000,0.000,0.000,0.000,0.000,0.000,0.000,0.899,0.000,0.000,0.000,0.000,0.000,0.000,0.000,0.000,0.690,0.000,0.000,0.000,0.000,0.000,0.000,0.000,0.000,0.000,0.000,0.000,0.000,0.000,0.000,0.000,0.000,0.000,0.000,-0.000,0.000,-0.000,-0.566,0.000
2995,0.000,0.118,0.338,0.147,0.000,-0.260,0.000,0.000,0.000,0.000,0.000,0.000,0.000,0.000,0.000,0.000,0.844,0.000,0.000,0.000,0.000,0.000,0.000,0.000,0.000,0.690,0.000,0.000,0.000,0.000,0.000,0.000,0.000,0.000,0.000,0.000,0.000,0.000,0.000,0.000,0.000,0.000,0.000,0.000,-0.000,0.000,-0.000,-0.177,0.000
2996,0.000,0.118,0.338,0.130,0.000,-0.260,0.000,0.000,0.000,0.000,0.000,0.000,0.000,0.000,0.000,0.000,0.764,0.000,0.000,0.000,0.000,0.000,0.000,0.000,0.000,0.690,0.000,0.000,0.000,0.000,0.000,0.000,0.000,0.000,0.000,0.000,0.000,0.000,0.000,0.000,0.000,0.000,0.000,0.000,-0.000,0.000,-0.000,0.000,0.000
2997,0.000,0.118,0.338,0.114,0.000,-0.260,0.000,0.000,0.000,0.000,0.000,0.000,0.000,0.000,0.000,0.000,0.667,0.000,0.000,0.000,0.000,0.000,0.000,0.000,0.000,0.690,0.000,0.000,0.000,0.000,0.000,0.000,0.000,0.000,0.000,0.000,0.000,0.000,0.000,0.000,0.000,0.000,0.000,0.000,-0.000,0.000,-0.000,0.000,0.000
2998,0.000,0.118,0.338,0.099,0.000,-0.260,0.000,0.000,0.000,0.000,0.000,0.000,0.000,0.000,0.000,0.000,0.562,0.000,0.000,0.000,0.000,0.000,0.000,0.000,0.000,0.690,0.000,0.000,0.000,0.000,0.000,0.000,0.000,0.000,0.000,0.000,0.000,0.000,0.000,0.000,0.000,0.000,0.000,0.000,-0.000,0.000,-0.000,0.000,0.000
2999,0.000,0.118,0.338,0.086,0.000,-0.260,0.000,0.000,0.000,0.000,0.000,0.000,0.000,0.000,0.000,0.000,0.457,0.000,0.000,0.000,0.000,0.000,0.000,0.000,0.000,0.690,0.000,0.000,0.000,0.000,0.000,0.000,0.000,0.000,0.000,0.000,0.000,0.000,0.000,0.000,0.000,0.000,0.000,0.000,-0.000,0.000,-0.000,0.000,0.000
3000,0.000,0.118,0.338,0.075,0.000,-0.260,0.000,0.000,0.000,0.000,0.000,0.000,0.000,0.000,0.000,0.000,0.359,0.000,0.000,0.000,0.000,0.000,0.000,0.000,0.000,0.690,0.000,0.000,0.000,0.000,0.000,0.000,0.000,0.000,0.000,0.000,0.000,0.000,0.000,0.000,0.000,0.000,0.000,0.000,-0.000,0.000,-0.000,0.000,0.000
3001,0.000,0.118,0.338,0.066,0.000,-0.260,0.000,0.000,0.000,0.000,0.000,0.000,0.000,0.000,0.000,0.000,0.277,0.000,0.000,0.000,0.000,0.000,0.000,0.000,0.000,0.690,0.000,0.000,0.000,0.000,0.000,0.000,0.000,0.000,0.000,0.000,0.000,0.000,0.000,0.000,0.000,0.000,0.000,0.000,-0.000,0.000,-0.000,0.000,0.000
3002,0.000,0.118,0.338,0.060,0.000,-0.260,0.000,0.000,0.000,0.000,0.000,0.000,0.000,0.000,0.000,0.000,0.219,0.000,0.000,0.000,0.000,0.000,0.000,0.000,0.000,0.690,0.000,0.000,0.000,0.000,0.000,0.000,0.000,0.000,0.000,0.000,0.000,0.000,0.000,0.000,0.000,0.000,0.000,0.000,-0.000,0.000,-0.000,0.000,0.000
3003,0.000,0.118,0.338,0.058,0.000,-0.260,0.000,0.000,0.000,0.000,0.000,0.000,0.000,0.000,0.000,0.000,0.193,0.000,0.000,0.000,0.000,0.000,0.000,0.000,0.000,0.690,0.000,0.000,0.000,0.000,0.000,0.000,0.000,0.000,0.000,0.000,0.000,0.000,0.000,0.000,0.000,0.000,0.000,0.000,-0.000,0.000,-0.000,0.000,0.000
3004,0.000,0.118,0.338,0.058,0.000,-0.260,0.000,0.000,0.000,0.000,0.000,0.000,0.000,0.000,0.000,0.000,0.186,0.000,0.000,0.000,0.000,0.000,0.000,0.000,0.000,0.690,0.000,0.000,0.000,0.000,0.000,0.000,0.000,0.000,0.000,0.000,0.000,0.000,0.000,0.000,0.000,0.000,0.000,0.000,-0.000,0.000,-0.000,0.000,0.000
3005,0.000,0.118,0.338,0.058,0.000,-0.260,0.000,0.000,0.000,0.000,0.000,0.000,0.000,0.000,0.000,0.000,0.180,0.000,0.000,0.000,0.000,0.000,0.000,0.000,0.000,0.690,0.000,0.000,0.000,0.000,0.000,0.000,0.000,0.000,0.000,0.000,0.000,0.000,0.000,0.000,0.000,0.000,0.000,0.000,-0.000,0.000,-0.000,0.000,0.000
3006,0.000,0.118,0.338,0.058,0.000,-0.260,0.000,0.000,0.000,0.000,0.000,0.000,0.000,0.000,0.000,0.000,0.176,0.000,0.000,0.000,0.000,0.000,0.000,0.000,0.000,0.690,0.000,0.000,0.000,0.000,0.000,0.000,0.000,0.000,0.000,0.000,0.000,0.000,0.000,0.000,0.000,0.000,0.000,0.000,-0.000,0.000,-0.000,0.000,0.000
3007,0.000,0.118,0.338,0.058,0.000,-0.260,0.000,0.000,0.000,0.000,0.000,0.000,0.000,0.000,0.000,0.000,0.173,0.000,0.000,0.000,0.000,0.000,0.000,0.000,0.000,0.690,0.000,0.000,0.000,0.000,0.000,0.000,0.000,0.000,0.000,0.000,0.000,0.000,0.000,0.000,0.000,0.000,0.000,0.000,-0.000,0.000,-0.000,0.000,0.000
3008,0.000,0.118,0.338,0.058,0.000,-0.260,0.000,0.000,0.000,0.000,0.000,0.000,0.000,0.000,0.000,0.000,0.170,0.000,0.000,0.000,0.000,0.000,0.000,0.000,0.000,0.690,0.000,0.000,0.000,0.000,0.000,0.000,0.000,0.000,0.000,0.000,0.000,0.000,0.000,0.000,0.000,0.000,0.000,0.000,-0.000,0.000,-0.000,0.000,0.000
3009,0.000,0.118,0.338,0.058,0.000,-0.260,0.000,0.000,0.000,0.000,0.000,0.000,0.000,0.000,0.000,0.000,0.169,0.000,0.000,0.000,0.000,0.000,0.000,0.000,0.000,0.690,0.000,0.000,0.000,0.000,0.000,0.000,0.000,0.000,0.000,0.000,0.000,0.000,0.000,0.000,0.000,0.000,0.000,0.000,-0.000,0.000,-0.000,0.000,0.000
3010,0.000,0.118,0.338,0.058,0.000,-0.260,0.000,0.000,0.000,0.000,0.000,0.000,0.000,0.000,0.000,0.000,0.168,0.000,0.000,0.000,0.000,0.000,0.000,0.000,0.000,0.690,0.000,0.000,0.000,0.000,0.000,0.000,0.000,0.000,0.000,0.000,0.000,0.000,0.000,0.000,0.000,0.000,0.000,0.000,-0.000,0.000,-0.000,0.000,0.000
3011,0.000,0.118,0.338,0.058,0.000,-0.260,0.000,0.000,0.000,0.000,0.000,0.000,0.000,0.000,0.000,0.000,0.167,0.000,0.000,0.000,0.000,0.000,0.000,0.000,0.000,0.690,0.000,0.000,0.000,0.000,0.000,0.000,0.000,0.000,0.000,0.000,0.000,0.000,0.000,0.000,0.000,0.000,0.000,0.000,-0.000,0.000,-0.000,0.000,0.000
3012,0.000,0.118,0.338,0.058,0.000,-0.260,0.000,0.000,0.000,0.000,0.000,0.000,0.000,0.000,0.000,0.000,0.167,0.000,0.000,0.000,0.000,0.000,0.000,0.000,0.000,0.690,0.000,0.000,0.000,0.000,0.000,0.000,0.000,0.000,0.000,0.000,0.000,0.000,0.000,0.000,0.000,0.000,0.000,0.000,-0.000,0.000,-0.000,0.000,0.000
3013,0.000,0.118,0.338,0.058,0.000,-0.260,0.000,0.000,0.000,0.000,0.000,0.000,0.000,0.000,0.000,0.000,0.167,0.000,0.000,0.000,0.000,0.000,0.000,0.000,0.000,0.690,0.000,0.000,0.000,0.000,0.000,0.000,0.000,0.000,0.000,0.000,0.000,0.000,0.000,0.000,0.000,0.000,0.000,0.000,-0.000,0.000,-0.000,0.000,0.000
3014,0.000,0.118,0.338,0.058,0.000,-0.260,0.000,0.000,0.000,0.000,0.000,0.000,0.000,0.000,0.000,0.000,0.167,0.000,0.000,0.000,0.000,0.000,0.000,0.000,0.000,0.690,0.000,0.000,0.000,0.000,0.000,0.000,0.000,0.000,0.000,0.000,0.000,0.000,0.000,0.000,0.000,0.000,0.000,0.000,-0.000,0.000,-0.000,0.000,0.000
3015,0.000,0.118,0.338,0.058,0.000,-0.260,0.000,0.000,0.000,0.000,0.000,0.000,0.000,0.000,0.000,0.000,0.167,0.000,0.000,0.000,0.000,0.000,0.000,0.000,0.000,0.690,0.000,0.000,0.000,0.000,0.000,0.000,0.000,0.000,0.000,0.000,0.000,0.000,0.000,0.000,0.000,0.000,0.000,0.000,-0.000,0.000,-0.000,0.000,0.000
3016,0.000,0.118,0.338,0.058,0.000,-0.260,0.000,0.000,0.000,0.000,0.000,0.000,0.000,0.000,0.000,0.000,0.167,0.000,0.000,0.000,0.000,0.000,0.000,0.000,0.000,0.690,0.000,0.000,0.000,0.000,0.000,0.000,0.000,0.000,0.000,0.000,0.000,0.000,0.000,0.000,0.000,0.000,0.000,0.000,-0.000,0.000,-0.000,0.000,0.000
3017,0.000,0.118,0.338,0.058,0.000,-0.260,0.000,0.000,0.000,0.000,0.000,0.000,0.000,0.000,0.000,0.000,0.167,0.000,0.000,0.000,0.000,0.000,0.000,0.000,0.000,0.690,0.000,0.000,0.000,0.000,0.000,0.000,0.000,0.000,0.000,0.000,0.000,0.000,0.000,0.000,0.000,0.000,0.000,0.000,-0.000,0.000,-0.000,0.000,0.000
3018,0.000,0.118,0.338,0.058,0.000,-0.260,0.000,0.000,0.000,0.000,0.000,0.000,0.000,0.000,0.000,0.000,0.167,0.000,0.000,0.000,0.000,0.000,0.000,0.000,0.000,0.690,0.000,0.000,0.000,0.000,0.000,0.000,0.000,0.000,0.000,0.000,0.000,0.000,0.000,0.000,0.000,0.000,0.000,0.000,-0.000,0.000,-0.000,0.000,0.000
3019,0.000,0.118,0.338,0.058,0.000,-0.260,0.000,0.000,0.000,0.000,0.000,0.000,0.000,0.000,0.000,0.000,0.167,0.000,0.000,0.000,0.000,0.000,0.000,0.000,0.000,0.690,0.000,0.000,0.000,0.000,0.000,0.000,0.000,0.000,0.000,0.000,0.000,0.000,0.000,0.000,0.000,0.000,0.000,0.000,-0.000,0.000,-0.000,0.000,0.000
3020,0.000,0.118,0.338,0.058,0.000,-0.260,0.000,0.000,0.000,0.000,0.000,0.000,0.000,0.000,0.000,0.000,0.167,0.000,0.000,0.000,0.000,0.000,0.000,0.000,0.000,0.690,0.000,0.000,0.000,0.000,0.000,0.000,0.000,0.000,0.000,0.000,0.000,0.000,0.000,0.000,0.000,0.000,0.000,0.000,-0.000,0.000,-0.000,0.000,0.000
