,faceMuscles.frontalis,faceMuscles.currogator,faceMuscles.medFrontalis,faceMuscles.orbOculi,faceMuscles.orbOculi_L,faceMuscles.orbOculi_R,faceMuscles.orbOculi_out,faceMuscles.latFrontalis,faceMuscles.latFrontalis_L,faceMuscles.latFrontalis_R,faceMuscles.LabInf,faceMuscles.zygomatic,faceMuscles.labSup,faceMuscles.labSup_AN,faceMuscles.triangularis,faceMuscles.incisivus,faceMuscles.mentalis,faceMuscles.risoriusPlatysma,faceMuscles.orbOris_loose_lo,faceMuscles.orbOris_loose_hi,faceMuscles.orbOris_tight_lo,faceMuscles.orbOris_tight_hi,faceMuscles.orbOri0s_tight_hi2,faceMuscles.orbOris_tight_lo2,faceMuscles.mouthClose,faceMuscles.orbOculi_lo,faceMuscles.buccinator,faceMuscles.orbOculi_lo_L,faceMuscles.orbOculi_lo_R,faceMuscles.labSup_L,faceMuscles.labSup_R,faceMuscles.zygomatic_L,faceMuscles.zygomatic_R,faceMuscles.risoriusPlatysma_L,faceMuscles.risoriusPlatysma_R,faceMuscles.levAnguliOris,faceMuscles.dilatorNaris,faceMuscles.Zyg_Minor,faceMuscles.mentalis_lowerLip,faceMuscles.triangularis_L,faceMuscles.triangularis_R,faceMuscles.orbOris_up_hi,faceMuscles.jawOpenComp,faceMuscles.blow,jaw.rotateZ,jaw.rotateY,jaw.translateX,blink_ctl.translateY,loBlink_ctl.translateY
1401,0.000,0.068,0.000,0.000,0.000,0.000,0.000,0.000,-0.340,0.820,0.000,0.000,0.000,0.000,0.000,0.000,0.000,0.000,0.000,0.000,0.000,0.000,0.000,0.000,0.000,0.000,0.000,1.000,0.100,0.000,0.000,0.000,0.000,0.000,0.000,0.000,0.000,0.000,0.000,0.000,0.000,0.000,0.000,0.000,-0.000,0.000,-0.000,0.000,0.000
1402,0.000,0.068,0.000,0.000,0.000,0.000,0.000,0.000,-0.340,0.820,0.000,0.000,0.016,-0.000,0.000,0.000,-0.004,0.000,0.000,0.000,-0.001,-0.001,0.000,0.000,0.000,0.000,0.000,1.000,0.100,0.000,0.000,0.000,0.000,0.000,0.000,0.000,0.000,0.000,0.000,0.000,0.000,0.000,0.000,0.000,-0.000,0.000,-0.000,0.000,0.000
1403,0.000,0.068,0.000,0.000,0.000,0.000,0.000,0.000,-0.340,0.820,0.000,0.000,0.032,-0.000,0.000,0.000,-0.007,0.000,0.000,0.000,-0.002,-0.002,0.000,0.000,0.000,0.002,0.000,1.000,0.100,0.000,0.000,0.000,0.000,0.000,0.000,0.000,0.000,0.000,0.000,0.000,0.000,0.000,0.000,0.000,-0.000,0.000,-0.000,0.000,0.000
1404,0.000,0.068,0.000,0.000,0.000,0.000,0.000,0.000,-0.340,0.820,0.000,0.000,0.048,-0.000,0.000,0.000,-0.011,0.000,0.000,0.000,-0.005,-0.005,0.000,0.000,0.000,0.003,0.000,1.000,0.100,0.000,0.000,0.000,0.000,0.000,0.000,0.000,0.000,0.000,0.000,0.000,0.000,0.000,0.000,0.000,-0.000,0.000,-0.000,0.000,0.000
1405,0.000,0.067,0.000,0.000,0.000,0.000,0.000,0.000,-0.340,0.820,0.000,0.000,0.064,-0.000,0.000,0.000,-0.015,0.000,0.000,0.000,-0.008,-0.008,0.000,0.000,0.000,0.006,0.000,1.000,0.100,0.000,0.000,0.000,0.000,0.000,0.000,0.000,0.000,0.000,0.000,0.000,0.000,0.000,0.000,0.000,-0.000,0.000,-0.000,0.000,0.000
1406,0.000,0.067,0.000,0.000,0.000,0.000,0.000,0.000,-0.340,0.820,0.000,0.000,0.080,-0.000,0.000,0.000,-0.018,0.000,0.000,0.000,-0.012,-0.012,0.000,0.000,0.000,0.009,0.000,1.000,0.100,0.000,0.000,0.000,0.000,0.000,0.000,0.000,0.000,0.000,0.000,0.000,0.000,0.000,0.000,0.000,-0.000,0.000,-0.000,0.000,0.000
1407,0.000,0.067,0.000,0.000,0.000,0.000,0.000,0.000,-0.340,0.820,0.000,0.000,0.097,-0.001,0.000,0.000,-0.022,0.000,0.000,0.000,-0.016,-0.016,0.000,0.000,0.000,0.012,0.000,1.000,0.100,0.000,0.000,0.000,0.000,0.000,0.000,0.000,0.000,0.000,0.000,0.000,0.000,0.000,0.000,0.000,-0.000,0.000,-0.000,0.000,0.000
1408,0.000,0.067,0.000,0.000,0.000,0.000,0.000,0.000,-0.340,0.820,0.000,0.000,0.113,-0.001,0.000,0.000,-0.026,0.000,0.000,0.000,-0.019,-0.019,0.000,0.000,0.000,0.015,0.000,1.000,0.100,0.000,0.000,0.000,0.000,0.000,0.000,0.000,0.000,0.000,0.000,0.000,0.000,0.000,0.000,0.000,-0.000,0.000,-0.000,0.000,0.000
1409,0.000,0.067,0.000,0.000,0.000,0.000,0.000,0.000,-0.340,0.820,0.000,0.000,0.129,-0.001,0.000,0.000,-0.030,0.000,0.000,0.000,-0.023,-0.023,0.000,0.000,0.000,0.019,0.000,1.000,0.100,0.000,0.000,0.000,0.000,0.000,0.000,0.000,0.000,0.000,0.000,0.000,0.000,0.000,0.000,0.000,-0.000,0.000,-0.000,0.000,0.000
1410,0.000,0.067,0.000,0.000,0.000,0.000,0.000,0.000,-0.340,0.820,0.000,0.000,0.145,-0.001,0.000,0.000,-0.033,0.000,0.000,0.000,-0.025,-0.025,0.000,0.000,0.000,0.023,0.000,1.000,0.100,0.000,0.000,0.000,0.000,0.000,0.000,0.000,0.000,0.000,0.000,0.000,0.000,0.000,0.000,0.000,-0.000,0.000,-0.000,0.000,0.000
1411,0.000,0.066,0.000,0.000,0.000,0.000,0.000,0.000,-0.340,0.820,0.000,0.000,0.161,-0.001,0.000,0.000,-0.037,0.000,0.000,0.000,-0.028,-0.028,0.000,0.000,0.000,0.026,0.000,1.000,0.100,0.000,0.000,0.000,0.000,0.000,0.000,0.000,0.000,0.000,0.000,0.000,0.000,0.000,0.000,0.000,-0.000,0.000,-0.000,0.000,0.000
1412,0.000,0.066,0.000,0.000,0.000,0.000,0.000,0.000,-0.340,0.820,0.000,0.000,0.177,-0.001,0.000,0.000,-0.041,0.000,0.000,0.000,-0.029,-0.029,0.000,0.000,0.000,0.030,0.000,1.000,0.100,0.000,0.000,0.000,0.000,0.000,0.000,0.000,0.000,0.000,0.000,0.000,0.000,0.000,0.000,0.000,-0.000,0.000,-0.000,0.000,0.000
1413,0.000,0.066,0.000,0.000,0.000,0.000,0.000,0.000,-0.340,0.820,0.000,0.000,0.193,-0.001,0.000,0.000,-0.044,0.000,0.000,0.000,-0.028,-0.028,0.000,0.000,0.000,0.033,0.000,1.000,0.100,0.000,0.000,0.000,0.000,0.000,0.000,0.000,0.000,0.000,0.000,0.000,0.000,0.000,0.000,0.000,-0.000,0.000,-0.000,0.000,0.000
1414,0.000,0.066,0.000,0.000,0.000,0.000,0.000,0.000,-0.340,0.820,0.000,0.000,0.209,-0.001,0.000,0.000,-0.048,0.000,0.000,0.000,-0.027,-0.027,0.000,0.000,0.000,0.036,0.000,1.000,0.100,0.000,0.000,0.000,0.000,0.000,0.000,0.000,0.000,0.000,0.000,0.000,0.000,0.000,0.000,0.000,-0.000,0.000,-0.000,0.000,0.000
1415,0.000,0.066,0.000,0.000,0.000,0.000,0.000,0.000,-0.340,0.820,0.000,0.000,0.225,-0.001,0.000,0.000,-0.052,0.000,0.000,0.000,-0.023,-0.023,0.000,0.000,0.000,0.039,0.000,1.000,0.100,0.000,0.000,0.000,0.000,0.000,0.000,0.000,0.000,0.000,0.000,0.000,0.000,0.000,0.000,0.000,-0.000,0.000,-0.000,0.000,0.000
1416,0.000,0.065,0.000,0.000,0.000,0.000,0.000,0.000,-0.340,0.820,0.000,0.000,0.241,-0.002,0.000,0.000,-0.055,0.000,0.000,0.000,-0.018,-0.018,0.000,0.000,0.000,0.041,0.000,1.000,0.100,0.000,0.000,0.000,0.000,0.000,0.000,0.000,0.000,0.000,0.000,0.000,0.000,0.000,0.000,0.000,-0.000,0.000,-0.000,0.000,0.000
1417,0.000,0.065,0.000,0.000,0.000,0.000,0.000,0.000,-0.340,0.820,0.000,0.000,0.258,-0.002,0.000,0.000,-0.059,0.000,0.000,0.000,-0.010,-0.010,0.000,0.000,0.000,0.042,0.000,1.000,0.100,0.000,0.000,0.000,0.000,0.000,0.000,0.000,0.000,0.000,0.000,0.000,0.000,0.000,0.000,0.000,-0.000,0.000,-0.000,0.000,0.000
1418,0.000,0.065,0.000,0.000,0.000,0.000,0.000,0.000,-0.340,0.820,0.000,0.000,0.274,-0.002,0.000,0.000,-0.063,0.000,0.000,0.000,0.000,0.000,0.000,0.000,0.000,0.043,0.000,1.000,0.100,0.000,0.000,0.000,0.000,0.000,0.000,0.000,0.000,0.000,0.000,0.000,0.000,0.000,0.000,0.000,-0.000,0.000,-0.000,0.000,0.000
1419,0.000,0.065,0.000,0.000,0.000,0.000,0.000,0.000,-0.340,0.820,0.000,0.000,0.290,-0.002,0.000,0.000,-0.068,0.000,0.000,0.000,0.033,0.033,0.000,0.000,0.000,0.042,0.000,1.000,0.100,0.000,0.000,0.000,0.000,0.000,0.000,0.000,0.000,0.000,0.000,0.000,0.000,0.000,0.000,0.000,-0.000,0.000,-0.000,0.000,0.000
1420,0.000,0.065,0.000,0.000,0.000,0.000,0.000,0.000,-0.340,0.820,0.000,0.000,0.306,-0.002,0.000,0.000,-0.075,0.000,0.000,0.000,0.096,0.096,0.000,0.000,0.000,0.041,0.000,1.000,0.100,0.000,0.000,0.000,0.000,0.000,0.000,0.000,0.000,0.000,0.000,0.000,0.000,0.000,0.000,0.000,-0.000,0.000,-0.000,0.000,0.000
1421,0.000,0.064,0.000,0.000,0.000,0.000,0.000,0.000,-0.340,0.820,0.000,0.000,0.322,-0.002,0.000,0.000,-0.082,0.000,0.000,0.000,0.167,0.167,0.000,0.000,0.000,0.039,0.000,1.000,0.100,0.000,0.000,0.000,0.000,0.000,0.000,0.000,0.000,0.000,0.000,0.000,0.000,0.000,0.000,0.000,-0.000,0.000,-0.000,0.000,0.000
1422,0.000,0.064,0.000,0.000,0.000,0.000,0.000,0.000,-0.340,0.820,0.000,0.000,0.338,-0.002,0.000,0.000,-0.084,0.000,0.000,0.000,0.226,0.226,0.000,0.000,0.000,0.036,0.000,1.000,0.100,0.000,0.000,0.000,0.000,0.000,0.000,0.000,0.000,0.000,0.000,0.000,0.000,0.000,0.000,0.000,-0.000,0.000,-0.000,-0.051,0.000
1423,0.000,0.064,0.000,0.000,0.000,0.000,0.000,0.000,-0.340,0.820,0.000,0.000,0.354,-0.002,0.000,0.000,-0.081,0.000,0.000,0.000,0.250,0.250,0.000,0.000,0.000,0.031,0.000,1.000,0.100,0.000,0.000,0.000,0.000,0.000,0.000,0.000,0.000,0.000,0.000,0.000,0.000,0.000,0.000,0.000,-0.000,0.000,-0.000,-0.169,0.000
1424,0.000,0.064,0.000,0.000,0.000,0.000,0.000,0.000,-0.340,0.820,0.000,0.000,0.370,-0.002,0.000,0.000,-0.078,0.000,0.000,0.000,0.228,0.228,0.000,0.000,0.000,0.025,0.000,1.000,0.100,0.000,0.000,0.000,0.000,0.000,0.000,0.000,0.000,0.000,0.000,0.000,0.000,0.000,0.000,0.000,-0.000,0.000,-0.000,-0.315,0.000
1425,0.000,0.064,0.000,0.000,0.000,0.000,0.000,0.000,-0.340,0.820,0.000,0.000,0.386,-0.002,0.000,0.000,-0.077,0.000,0.000,0.000,0.175,0.175,0.000,0.000,0.000,0.018,0.000,1.000,0.100,0.000,0.000,0.000,0.000,0.000,0.000,0.000,0.000,0.000,0.000,0.000,0.000,0.000,0.000,0.000,-0.000,0.000,-0.000,-0.448,0.000
1426,0.000,0.063,0.000,0.000,0.000,0.000,0.000,0.000,-0.340,0.820,0.000,0.000,0.402,-0.003,0.000,0.000,-0.068,0.000,0.000,0.000,0.108,0.108,0.000,0.000,0.000,0.009,0.000,1.000,0.100,0.000,0.000,0.000,0.000,0.000,0.000,0.000,0.000,0.000,0.000,0.000,0.000,0.000,0.000,0.000,-0.000,0.000,-0.000,-0.532,0.000
1427,0.000,0.063,0.000,0.000,0.000,0.000,0.000,0.000,-0.340,0.820,0.000,0.000,0.419,-0.003,0.000,0.000,-0.041,0.000,0.000,0.000,0.044,0.044,0.000,0.000,0.000,-0.001,0.000,1.000,0.100,0.000,0.000,0.000,0.000,0.000,0.000,0.000,0.000,0.000,0.000,0.000,0.000,0.000,0.000,0.000,-0.000,0.000,-0.000,-0.525,0.000
1428,0.000,0.063,0.000,0.000,0.000,0.000,0.000,0.000,-0.348,0.820,0.000,0.000,0.435,-0.003,0.000,0.000,0.014,0.000,0.000,0.000,0.000,0.000,0.000,0.000,0.000,-0.040,0.000,0.963,0.100,0.000,0.000,0.000,0.000,0.000,0.000,0.000,0.000,0.000,0.000,0.000,0.000,0.000,0.000,0.000,-0.000,0.000,-0.000,-0.414,0.000
1429,0.000,0.063,0.000,0.000,0.000,0.000,0.000,0.000,-0.363,0.820,0.000,0.000,0.451,-0.003,0.000,0.000,0.135,0.000,0.000,0.000,-0.018,-0.016,0.000,0.000,0.000,-0.117,0.000,0.887,0.100,0.000,0.000,0.000,0.000,0.000,0.000,0.000,0.000,0.000,0.000,0.000,0.000,0.000,0.000,0.000,-0.000,0.000,-0.000,-0.230,0.000
1430,0.000,0.063,0.000,0.000,0.000,0.000,0.000,0.000,-0.375,0.820,0.000,0.000,0.467,-0.003,0.000,0.000,0.311,0.000,0.000,0.000,-0.021,-0.014,0.000,0.000,0.000,-0.211,0.000,0.797,0.100,0.000,0.000,0.000,0.000,0.000,0.000,0.000,0.000,0.000,0.000,0.000,0.000,0.000,0.000,0.000,-0.000,0.000,-0.000,0.002,0.000
1431,0.000,0.063,0.000,0.000,0.000,0.000,0.000,0.000,-0.371,0.820,0.000,0.000,0.483,-0.003,0.000,0.000,0.479,0.000,0.000,0.000,-0.013,-0.005,0.000,0.000,0.000,-0.296,0.000,0.713,0.100,0.000,0.000,0.000,0.000,0.000,0.000,0.000,0.000,0.000,0.000,0.000,0.000,0.000,0.000,0.000,-0.000,0.000,-0.000,0.253,0.000
1432,0.000,0.062,0.000,0.000,0.000,0.000,0.000,0.000,-0.340,0.820,0.000,0.000,0.499,-0.003,0.000,0.000,0.576,0.000,0.000,0.000,0.000,0.000,0.000,0.000,0.000,-0.351,0.000,0.660,0.100,0.000,0.000,0.000,0.000,0.000,0.000,0.000,0.000,0.000,0.000,0.000,0.000,0.000,0.000,0.000,-0.000,0.000,-0.000,0.496,0.000
1433,-0.005,0.062,0.000,0.000,0.000,0.000,0.000,0.000,-0.272,0.822,0.000,0.000,0.515,-0.003,0.000,0.000,0.609,0.000,0.000,0.000,0.017,0.000,0.000,0.000,0.000,-0.378,0.000,0.648,0.101,0.000,0.000,0.000,0.000,0.000,0.000,0.000,0.000,0.000,0.000,0.000,0.000,0.000,0.006,0.000,0.006,0.000,0.005,0.704,0.000
1434,-0.015,0.062,0.000,0.000,0.000,0.000,0.000,0.000,-0.175,0.828,0.000,0.000,0.531,-0.003,0.000,0.000,0.629,0.000,0.000,0.000,0.039,0.000,0.000,0.000,0.000,-0.395,0.000,0.662,0.104,0.000,0.000,0.000,0.000,0.000,0.000,0.000,0.000,0.000,0.000,0.000,0.000,0.000,0.013,0.000,0.013,0.000,0.013,0.849,0.000
1435,-0.025,0.062,0.000,0.000,0.000,0.000,0.000,0.000,-0.064,0.834,0.000,0.000,0.547,-0.003,0.000,0.000,0.637,0.000,0.000,0.000,0.064,0.000,0.000,0.000,0.000,-0.401,0.000,0.686,0.108,0.000,0.000,0.000,0.000,0.000,0.000,0.000,0.000,0.000,0.000,0.000,0.000,0.000,0.022,0.000,0.022,0.000,0.021,0.904,0.000
1436,-0.029,0.062,0.000,0.000,0.000,0.000,0.000,0.000,0.044,0.836,0.000,0.000,0.563,-0.003,0.000,0.000,0.636,0.000,0.000,0.000,0.091,0.000,0.000,0.000,0.000,-0.397,0.000,0.705,0.109,0.000,0.000,0.000,0.000,0.000,0.000,0.000,0.000,0.000,0.000,0.000,0.000,0.000,0.031,0.000,0.031,0.000,0.030,0.904,0.000
1437,-0.023,0.062,0.000,0.000,0.000,0.000,0.000,0.000,0.134,0.833,0.000,0.000,0.580,-0.003,0.000,0.000,0.629,0.000,0.000,0.000,0.118,0.000,0.000,0.000,0.000,-0.380,0.000,0.702,0.107,0.000,0.000,0.000,0.000,0.000,0.000,0.000,0.000,0.000,0.000,0.000,0.000,0.000,0.040,0.000,0.040,0.000,0.038,0.905,0.000
1438,0.000,0.062,0.000,0.000,0.000,0.000,0.000,0.000,0.190,0.820,0.000,0.000,0.596,-0.003,0.000,0.000,0.618,0.000,0.000,0.000,0.143,0.000,0.000,0.000,0.000,-0.351,0.000,0.660,0.100,0.000,0.000,0.000,0.000,0.000,0.000,0.000,0.000,0.000,0.000,0.000,0.000,0.000,0.048,0.000,0.048,0.000,0.047,0.906,0.000
1439,0.055,0.061,0.000,0.000,0.000,0.000,0.000,0.000,0.188,0.790,0.000,0.000,0.612,-0.003,0.000,0.000,0.606,0.000,0.000,0.000,0.166,0.000,0.000,0.000,0.000,-0.277,0.000,0.551,0.083,0.000,0.000,0.000,0.000,0.000,0.000,0.000,0.000,0.000,0.000,0.000,0.000,0.000,0.056,0.000,0.056,0.000,0.054,0.907,0.000
1440,0.140,0.061,0.000,0.000,0.000,0.000,0.000,0.000,0.136,0.744,0.000,0.000,0.628,-0.003,0.000,0.000,0.594,0.000,0.000,0.000,0.184,0.000,0.000,0.000,0.000,-0.158,0.000,0.380,0.058,0.000,0.000,0.000,0.000,0.000,0.000,0.000,0.000,0.000,0.000,0.000,0.000,0.000,0.062,0.000,0.062,0.000,0.060,0.907,0.000
1441,0.238,0.061,0.000,0.000,0.000,0.000,0.000,0.000,0.063,0.690,0.000,0.000,0.644,-0.003,0.000,0.000,0.585,0.000,0.000,0.000,0.196,0.000,0.000,0.000,0.000,-0.049,0.000,0.184,0.028,0.000,0.000,0.000,0.000,0.000,0.000,0.000,0.000,0.000,0.000,0.000,0.000,0.000,0.066,0.000,0.066,0.000,0.064,0.908,0.000
1442,0.330,0.061,0.000,0.000,0.000,0.000,0.000,0.000,0.000,0.640,0.000,0.000,0.660,-0.003,0.000,0.000,0.581,0.000,0.000,0.000,0.200,0.000,0.000,0.000,0.000,0.000,0.000,0.000,0.000,0.000,0.000,0.000,0.000,0.000,0.000,0.000,0.000,0.000,0.000,0.000,0.000,0.000,0.067,0.000,0.067,0.000,0.065,0.909,0.000
1443,0.330,0.061,0.000,0.000,0.000,0.000,0.000,0.000,0.000,0.640,0.000,0.000,0.660,-0.003,0.000,0.000,0.582,0.000,0.000,0.000,0.200,0.000,0.000,0.000,0.000,0.001,0.000,0.000,0.000,0.000,0.000,0.000,0.000,0.000,0.000,0.000,0.000,0.000,0.000,0.000,0.000,0.000,0.067,0.000,0.067,0.000,0.065,0.910,0.000
1444,0.330,0.060,0.000,0.000,0.000,0.000,0.000,0.000,0.000,0.640,0.000,0.000,0.660,-0.003,0.000,0.000,0.582,0.000,0.000,0.000,0.200,0.000,0.000,0.000,0.000,0.001,0.000,0.000,0.000,0.000,0.000,0.000,0.000,0.000,0.000,0.000,0.000,0.000,0.000,0.000,0.000,0.000,0.067,0.000,0.067,0.000,0.065,0.910,0.000
1445,0.330,0.060,0.000,0.000,0.000,0.001,0.000,0.000,0.000,0.640,0.000,0.000,0.660,-0.003,0.000,0.000,0.582,0.000,0.000,0.000,0.200,0.000,0.000,0.000,0.000,0.002,0.000,0.000,0.000,0.000,0.000,0.000,0.000,0.000,0.000,0.000,0.000,0.000,0.000,0.000,0.000,0.000,0.067,0.000,0.067,0.000,0.065,0.911,0.000
1446,0.330,0.060,0.000,0.000,0.000,0.001,0.000,0.000,0.000,0.640,0.000,0.000,0.660,-0.003,0.000,0.000,0.582,0.000,0.000,0.000,0.200,0.000,0.000,0.000,0.000,0.002,0.000,0.000,0.000,0.000,0.000,0.000,0.000,0.000,0.000,0.000,0.000,0.000,0.000,0.000,0.000,0.000,0.067,0.000,0.067,0.000,0.065,0.912,0.000
1447,0.330,0.060,0.000,0.000,0.000,0.001,0.000,0.000,0.000,0.640,0.000,0.000,0.660,-0.003,0.000,0.000,0.582,0.000,0.000,0.000,0.200,0.000,0.000,0.000,0.000,0.003,0.000,0.000,0.000,0.000,0.000,0.000,0.000,0.000,0.000,0.000,0.000,0.000,0.000,0.000,0.000,0.000,0.067,0.000,0.067,0.000,0.065,0.912,0.000
1448,0.330,0.060,0.000,0.000,0.000,0.001,0.000,0.000,0.000,0.640,0.000,0.000,0.660,-0.003,0.000,0.000,0.582,0.000,0.000,0.000,0.200,0.000,0.000,0.000,0.000,0.004,0.000,0.000,0.000,0.000,0.000,0.000,0.000,0.000,0.000,0.000,0.000,0.000,0.000,0.000,0.000,0.000,0.067,0.000,0.067,0.000,0.065,0.913,0.000
1449,0.330,0.060,0.000,0.000,0.000,0.001,0.000,0.000,0.000,0.640,0.000,0.000,0.660,-0.003,0.000,0.000,0.582,0.000,0.000,0.000,0.200,0.000,0.000,0.000,0.000,0.004,0.000,0.000,0.000,0.000,0.000,0.000,0.000,0.000,0.000,0.000,0.000,0.000,0.000,0.000,0.000,0.000,0.067,0.000,0.067,0.000,0.065,0.913,0.000
1450,0.330,0.059,0.000,0.000,0.000,0.001,0.000,0.000,0.000,0.640,0.000,0.000,0.660,-0.003,0.000,0.000,0.583,0.000,0.000,0.000,0.200,0.000,0.000,0.000,0.000,0.005,0.000,0.000,0.000,0.000,0.000,0.000,0.000,0.000,0.000,0.000,0.000,0.000,0.000,0.000,0.000,0.000,0.067,0.000,0.067,0.000,0.065,0.914,0.000
