,faceMuscles.frontalis,faceMuscles.currogator,faceMuscles.medFrontalis,faceMuscles.orbOculi,faceMuscles.orbOculi_L,faceMuscles.orbOculi_R,faceMuscles.orbOculi_out,faceMuscles.latFrontalis,faceMuscles.latFrontalis_L,faceMuscles.latFrontalis_R,faceMuscles.LabInf,faceMuscles.zygomatic,faceMuscles.labSup,faceMuscles.labSup_AN,faceMuscles.triangularis,faceMuscles.incisivus,faceMuscles.mentalis,faceMuscles.risoriusPlatysma,faceMuscles.orbOris_loose_lo,faceMuscles.orbOris_loose_hi,faceMuscles.orbOris_tight_lo,faceMuscles.orbOris_tight_hi,faceMuscles.orbOri0s_tight_hi2,faceMuscles.orbOris_tight_lo2,faceMuscles.mouthClose,faceMuscles.orbOculi_lo,faceMuscles.buccinator,faceMuscles.orbOculi_lo_L,faceMuscles.orbOculi_lo_R,faceMuscles.labSup_L,faceMuscles.labSup_R,faceMuscles.zygomatic_L,faceMuscles.zygomatic_R,faceMuscles.risoriusPlatysma_L,faceMuscles.risoriusPlatysma_R,faceMuscles.levAnguliOris,faceMuscles.dilatorNaris,faceMuscles.Zyg_Minor,faceMuscles.mentalis_lowerLip,faceMuscles.triangularis_L,faceMuscles.triangularis_R,faceMuscles.orbOris_up_hi,faceMuscles.jawOpenComp,faceMuscles.blow,jaw.rotateZ,jaw.rotateY,jaw.translateX,blink_ctl.translateY,loBlink_ctl.translateY
-30,0.000,0.420,0.000,0.630,0.000,0.000,0.000,0.000,0.000,0.000,0.000,0.000,0.000,0.000,0.000,0.320,0.620,0.000,0.000,0.000,0.000,0.000,0.000,0.000,0.000,0.000,0.390,0.000,0.000,0.000,0.000,0.000,0.000,0.000,0.000,0.000,0.000,0.000,0.000,0.000,0.000,0.000,0.000,0.000,-0.000,0.000,-0.000,-0.355,0.000
-29,0.000,0.420,0.000,0.630,0.000,0.000,0.000,0.000,0.000,0.000,0.000,0.000,0.000,0.000,0.000,0.320,0.620,0.000,0.000,0.000,0.000,0.000,0.000,0.000,0.000,0.000,0.390,0.000,0.000,0.000,0.000,0.000,0.000,0.000,0.000,0.000,0.000,0.000,0.000,0.000,0.000,0.000,0.000,0.000,-0.000,0.000,-0.000,-0.355,0.000
-28,0.000,0.420,0.000,0.630,0.000,0.000,0.000,0.000,0.000,0.000,0.000,0.000,0.000,0.000,0.000,0.320,0.620,0.000,0.000,0.000,0.000,0.000,0.000,0.000,0.000,0.000,0.390,0.000,0.000,0.000,0.000,0.000,0.000,0.000,0.000,0.000,0.000,0.000,0.000,0.000,0.000,0.000,0.000,0.000,-0.000,0.000,-0.000,-0.355,0.000
-27,0.000,0.420,0.000,0.630,0.000,0.000,0.000,0.000,0.000,0.000,0.000,0.000,0.000,0.000,0.000,0.320,0.620,0.000,0.000,0.000,0.000,0.000,0.000,0.000,0.000,0.000,0.390,0.000,0.000,0.000,0.000,0.000,0.000,0.000,0.000,0.000,0.000,0.000,0.000,0.000,0.000,0.000,0.000,0.000,-0.000,0.000,-0.000,-0.355,0.000
-26,0.000,0.420,0.000,0.630,0.000,0.000,0.000,0.000,0.000,0.000,0.000,0.000,0.000,0.000,0.000,0.320,0.620,0.000,0.000,0.000,0.000,0.000,0.000,0.000,0.000,0.000,0.390,0.000,0.000,0.000,0.000,0.000,0.000,0.000,0.000,0.000,0.000,0.000,0.000,0.000,0.000,0.000,0.000,0.000,-0.000,0.000,-0.000,-0.355,0.000
-25,0.000,0.420,0.000,0.630,0.000,0.000,0.000,0.000,0.000,0.000,0.000,0.000,0.000,0.000,0.000,0.320,0.620,0.000,0.000,0.000,0.000,0.000,0.000,0.000,0.000,0.000,0.390,0.000,0.000,0.000,0.000,0.000,0.000,0.000,0.000,0.000,0.000,0.000,0.000,0.000,0.000,0.000,0.000,0.000,-0.000,0.000,-0.000,-0.355,0.000
-24,0.000,0.420,0.000,0.630,0.000,0.000,0.000,0.000,0.000,0.000,0.000,0.000,0.000,0.000,0.000,0.320,0.620,0.000,0.000,0.000,0.000,0.000,0.000,0.000,0.000,0.000,0.390,0.000,0.000,0.000,0.000,0.000,0.000,0.000,0.000,0.000,0.000,0.000,0.000,0.000,0.000,0.000,0.000,0.000,-0.000,0.000,-0.000,-0.355,0.000
-23,0.000,0.420,0.000,0.630,0.000,0.000,0.000,0.000,0.000,0.000,0.000,0.000,0.000,0.000,0.000,0.320,0.620,0.000,0.000,0.000,0.000,0.000,0.000,0.000,0.000,0.000,0.390,0.000,0.000,0.000,0.000,0.000,0.000,0.000,0.000,0.000,0.000,0.000,0.000,0.000,0.000,0.000,0.000,0.000,-0.000,0.000,-0.000,-0.355,0.000
-22,0.000,0.420,0.000,0.630,0.000,0.000,0.000,0.000,0.000,0.000,0.000,0.000,0.000,0.000,0.000,0.320,0.620,0.000,0.000,0.000,0.000,0.000,0.000,0.000,0.000,0.000,0.390,0.000,0.000,0.000,0.000,0.000,0.000,0.000,0.000,0.000,0.000,0.000,0.000,0.000,0.000,0.000,0.000,0.000,-0.000,0.000,-0.000,-0.355,0.000
-21,0.000,0.420,0.000,0.630,0.000,0.000,0.000,0.000,0.000,0.000,0.000,0.000,0.000,0.000,0.000,0.320,0.620,0.000,0.000,0.000,0.000,0.000,0.000,0.000,0.000,0.000,0.390,0.000,0.000,0.000,0.000,0.000,0.000,0.000,0.000,0.000,0.000,0.000,0.000,0.000,0.000,0.000,0.000,0.000,-0.000,0.000,-0.000,-0.355,0.000
-20,0.000,0.420,0.000,0.630,0.000,0.000,0.000,0.000,0.000,0.000,0.000,0.000,0.000,0.000,0.000,0.320,0.620,0.000,0.000,0.000,0.000,0.000,0.000,0.000,0.000,0.000,0.390,0.000,0.000,0.000,0.000,0.000,0.000,0.000,0.000,0.000,0.000,0.000,0.000,0.000,0.000,0.000,0.000,0.000,-0.000,0.000,-0.000,-0.355,0.000
-19,0.000,0.420,0.000,0.630,0.000,0.000,0.000,0.000,0.000,0.000,0.000,0.000,0.000,0.000,0.000,0.320,0.620,0.000,0.000,0.000,0.000,0.000,0.000,0.000,0.000,0.000,0.390,0.000,0.000,0.000,0.000,0.000,0.000,0.000,0.000,0.000,0.000,0.000,0.000,0.000,0.000,0.000,0.000,0.000,-0.000,0.000,-0.000,-0.355,0.000
-18,0.000,0.420,0.000,0.630,0.000,0.000,0.000,0.000,0.000,0.000,0.000,0.000,0.000,0.000,0.000,0.320,0.620,0.000,0.000,0.000,0.000,0.000,0.000,0.000,0.000,0.000,0.390,0.000,0.000,0.000,0.000,0.000,0.000,0.000,0.000,0.000,0.000,0.000,0.000,0.000,0.000,0.000,0.000,0.000,-0.000,0.000,-0.000,-0.355,0.000
-17,0.000,0.420,0.000,0.630,0.000,0.000,0.000,0.000,0.000,0.000,0.000,0.000,0.000,0.000,0.000,0.320,0.620,0.000,0.000,0.000,0.000,0.000,0.000,0.000,0.000,0.000,0.390,0.000,0.000,0.000,0.000,0.000,0.000,0.000,0.000,0.000,0.000,0.000,0.000,0.000,0.000,0.000,0.000,0.000,-0.000,0.000,-0.000,-0.355,0.000
-16,0.000,0.420,0.000,0.630,0.000,0.000,0.000,0.000,0.000,0.000,0.000,0.000,0.000,0.000,0.000,0.320,0.620,0.000,0.000,0.000,0.000,0.000,0.000,0.000,0.000,0.000,0.390,0.000,0.000,0.000,0.000,0.000,0.000,0.000,0.000,0.000,0.000,0.000,0.000,0.000,0.000,0.000,0.000,0.000,-0.000,0.000,-0.000,-0.355,0.000
-15,0.000,0.420,0.000,0.630,0.000,0.000,0.000,0.000,0.000,0.000,0.000,0.000,0.000,0.000,0.000,0.320,0.620,0.000,0.000,0.000,0.000,0.000,0.000,0.000,0.000,0.000,0.390,0.000,0.000,0.000,0.000,0.000,0.000,0.000,0.000,0.000,0.000,0.000,0.000,0.000,0.000,0.000,0.000,0.000,-0.000,0.000,-0.000,-0.355,0.000
-14,0.000,0.420,0.000,0.630,0.000,0.000,0.000,0.000,0.000,0.000,0.000,0.000,0.000,0.000,0.000,0.320,0.620,0.000,0.000,0.000,0.000,0.000,0.000,0.000,0.000,0.000,0.390,0.000,0.000,0.000,0.000,0.000,0.000,0.000,0.000,0.000,0.000,0.000,0.000,0.000,0.000,0.000,0.000,0.000,-0.000,0.000,-0.000,-0.355,0.000
-13,0.000,0.420,0.000,0.630,0.000,0.000,0.000,0.000,0.000,0.000,0.000,0.000,0.000,0.000,0.000,0.320,0.620,0.000,0.000,0.000,0.000,0.000,0.000,0.000,0.000,0.000,0.390,0.000,0.000,0.000,0.000,0.000,0.000,0.000,0.000,0.000,0.000,0.000,0.000,0.000,0.000,0.000,0.000,0.000,-0.000,0.000,-0.000,-0.355,0.000
-12,0.000,0.420,0.000,0.630,0.000,0.000,0.000,0.000,0.000,0.000,0.000,0.000,0.000,0.000,0.000,0.320,0.620,0.000,0.000,0.000,0.000,0.000,0.000,0.000,0.000,0.000,0.390,0.000,0.000,0.000,0.000,0.000,0.000,0.000,0.000,0.000,0.000,0.000,0.000,0.000,0.000,0.000,0.000,0.000,-0.000,0.000,-0.000,-0.355,0.000
-11,0.000,0.420,0.000,0.630,0.000,0.000,0.000,0.000,0.000,0.000,0.000,0.000,0.000,0.000,0.000,0.320,0.620,0.000,0.000,0.000,0.000,0.000,0.000,0.000,0.000,0.000,0.390,0.000,0.000,0.000,0.000,0.000,0.000,0.000,0.000,0.000,0.000,0.000,0.000,0.000,0.000,0.000,0.000,0.000,-0.000,0.000,-0.000,-0.355,0.000
-10,0.000,0.420,0.000,0.630,0.000,0.000,0.000,0.000,0.000,0.000,0.000,0.000,0.000,0.000,0.000,0.320,0.620,0.000,0.000,0.000,0.000,0.000,0.000,0.000,0.000,0.000,0.390,0.000,0.000,0.000,0.000,0.000,0.000,0.000,0.000,0.000,0.000,0.000,0.000,0.000,0.000,0.000,0.000,0.000,-0.000,0.000,-0.000,-0.355,0.000
-9,0.000,0.420,0.000,0.630,0.000,0.000,0.000,0.000,0.000,0.000,0.000,0.000,0.000,0.000,0.000,0.320,0.620,0.000,0.000,0.000,0.000,0.000,0.000,0.000,0.000,0.000,0.390,0.000,0.000,0.000,0.000,0.000,0.000,0.000,0.000,0.000,0.000,0.000,0.000,0.000,0.000,0.000,0.000,0.000,-0.000,0.000,-0.000,-0.355,0.000
-8,0.000,0.420,0.000,0.630,0.000,0.000,0.000,0.000,0.000,0.000,0.000,0.000,0.000,0.000,0.000,0.320,0.620,0.000,0.000,0.000,0.000,0.000,0.000,0.000,0.000,0.000,0.390,0.000,0.000,0.000,0.000,0.000,0.000,0.000,0.000,0.000,0.000,0.000,0.000,0.000,0.000,0.000,0.000,0.000,-0.000,0.000,-0.000,-0.355,0.000
-7,0.000,0.420,0.000,0.630,0.000,0.000,0.000,0.000,0.000,0.000,0.000,0.000,0.000,0.000,0.000,0.320,0.620,0.000,0.000,0.000,0.000,0.000,0.000,0.000,0.000,0.000,0.390,0.000,0.000,0.000,0.000,0.000,0.000,0.000,0.000,0.000,0.000,0.000,0.000,0.000,0.000,0.000,0.000,0.000,-0.000,0.000,-0.000,-0.355,0.000
-6,0.000,0.420,0.000,0.630,0.000,0.000,0.000,0.000,0.000,0.000,0.000,0.000,0.000,0.000,0.000,0.320,0.620,0.000,0.000,0.000,0.000,0.000,0.000,0.000,0.000,0.000,0.390,0.000,0.000,0.000,0.000,0.000,0.000,0.000,0.000,0.000,0.000,0.000,0.000,0.000,0.000,0.000,0.000,0.000,-0.000,0.000,-0.000,-0.355,0.000
-5,0.000,0.420,0.000,0.630,0.000,0.000,0.000,0.000,0.000,0.000,0.000,0.000,0.000,0.000,0.000,0.320,0.620,0.000,0.000,0.000,0.000,0.000,0.000,0.000,0.000,0.000,0.390,0.000,0.000,0.000,0.000,0.000,0.000,0.000,0.000,0.000,0.000,0.000,0.000,0.000,0.000,0.000,0.000,0.000,-0.000,0.000,-0.000,-0.355,0.000
-4,0.000,0.420,0.000,0.630,0.000,0.000,0.000,0.000,0.000,0.000,0.000,0.000,0.000,0.000,0.000,0.320,0.620,0.000,0.000,0.000,0.000,0.000,0.000,0.000,0.000,0.000,0.390,0.000,0.000,0.000,0.000,0.000,0.000,0.000,0.000,0.000,0.000,0.000,0.000,0.000,0.000,0.000,0.000,0.000,-0.000,0.000,-0.000,-0.355,0.000
-3,0.000,0.420,0.000,0.630,0.000,0.000,0.000,0.000,0.000,0.000,0.000,0.000,0.000,0.000,0.000,0.320,0.620,0.000,0.000,0.000,0.000,0.000,0.000,0.000,0.000,0.000,0.390,0.000,0.000,0.000,0.000,0.000,0.000,0.000,0.000,0.000,0.000,0.000,0.000,0.000,0.000,0.000,0.000,0.000,-0.000,0.000,-0.000,-0.355,0.000
-2,0.000,0.420,0.000,0.630,0.000,0.000,0.000,0.000,0.000,0.000,0.000,0.000,0.000,0.000,0.000,0.320,0.620,0.000,0.000,0.000,0.000,0.000,0.000,0.000,0.000,0.000,0.390,0.000,0.000,0.000,0.000,0.000,0.000,0.000,0.000,0.000,0.000,0.000,0.000,0.000,0.000,0.000,0.000,0.000,-0.000,0.000,-0.000,-0.355,0.000
-1,0.000,0.420,0.000,0.630,0.000,0.000,0.000,0.000,0.000,0.000,0.000,0.000,0.000,0.000,0.000,0.320,0.620,0.000,0.000,0.000,0.000,0.000,0.000,0.000,0.000,0.000,0.390,0.000,0.000,0.000,0.000,0.000,0.000,0.000,0.000,0.000,0.000,0.000,0.000,0.000,0.000,0.000,0.000,0.000,-0.000,0.000,-0.000,-0.355,0.000
0,0.000,0.420,0.000,0.630,0.000,0.000,0.000,0.000,0.000,0.000,0.000,0.000,0.000,0.000,0.000,0.320,0.620,0.000,0.000,0.000,0.000,0.000,0.000,0.000,0.000,0.000,0.390,0.000,0.000,0.000,0.000,0.000,0.000,0.000,0.000,0.000,0.000,0.000,0.000,0.000,0.000,0.000,0.000,0.000,-0.000,0.000,-0.000,-0.355,0.000
1,0.000,0.420,0.000,0.630,0.000,0.000,0.000,0.000,0.000,0.000,0.000,0.000,0.000,0.000,0.000,0.320,0.620,0.000,0.000,0.000,0.000,0.000,0.000,0.000,0.000,0.000,0.390,0.000,0.000,0.000,0.000,0.000,0.000,0.000,0.000,0.000,0.000,0.000,0.000,0.000,0.000,0.000,0.000,0.000,-0.000,0.000,-0.000,-0.355,0.000
2,0.096,0.500,0.000,0.595,0.000,0.000,0.000,0.000,0.000,0.000,0.000,0.010,0.000,0.000,0.000,0.436,0.620,0.000,0.050,0.002,0.000,0.000,0.000,0.000,0.000,0.000,0.390,0.000,0.000,0.000,0.000,0.000,0.000,0.000,0.000,0.000,0.000,0.000,0.000,0.000,0.000,0.000,0.079,0.000,0.079,0.000,0.076,-0.214,-0.002
3,0.274,0.650,0.000,0.530,0.000,0.000,0.000,0.000,0.000,0.000,0.000,0.040,0.000,0.000,0.000,0.606,0.620,0.000,0.155,0.019,0.000,0.000,0.000,0.000,0.000,0.000,0.390,0.000,0.000,0.000,0.000,0.000,0.000,0.000,0.000,0.000,0.000,0.000,0.000,0.000,0.000,0.000,0.209,0.000,0.209,0.000,0.203,-0.074,-0.007
4,0.370,0.730,0.000,0.495,0.000,0.000,0.000,0.000,0.000,0.000,0.000,0.084,0.000,0.000,0.000,0.676,0.620,0.000,0.203,0.033,0.000,0.000,0.000,0.000,0.000,0.000,0.390,0.000,0.000,0.000,0.000,0.000,0.000,0.000,0.000,0.000,0.000,0.000,0.000,0.000,0.000,0.000,0.289,0.000,0.289,0.000,0.281,0.000,-0.014
5,0.370,0.730,0.000,0.495,0.000,0.000,0.000,0.000,0.000,0.000,0.000,0.140,0.000,0.000,0.000,0.606,0.620,0.000,0.155,0.019,0.000,0.000,0.000,0.000,0.000,0.000,0.390,0.000,0.000,0.000,0.000,0.000,0.000,0.000,0.000,0.000,0.000,0.000,0.000,0.000,0.000,0.000,0.251,0.000,0.251,0.000,0.244,0.018,-0.024
6,0.370,0.730,0.000,0.495,0.000,0.000,0.000,0.000,0.000,0.000,0.000,0.205,0.000,0.000,0.000,0.436,0.620,0.000,0.050,0.002,0.000,0.000,0.000,0.000,0.000,0.000,0.390,0.000,0.000,0.000,0.000,0.000,0.000,0.000,0.000,0.000,0.000,0.000,0.000,0.000,0.000,0.000,0.161,0.000,0.161,0.000,0.156,0.034,-0.036
7,0.370,0.730,0.000,0.495,0.000,0.000,0.000,0.000,0.000,0.000,0.000,0.275,0.000,0.000,0.000,0.320,0.620,0.000,0.000,0.000,0.000,0.000,0.000,0.000,0.000,0.000,0.390,0.000,0.000,0.000,0.000,0.000,0.000,0.000,0.000,0.000,0.000,0.000,0.000,0.000,0.000,0.000,0.120,0.000,0.120,0.000,0.117,0.048,-0.049
8,0.370,0.730,0.000,0.495,0.000,0.000,0.000,0.000,0.000,0.000,0.000,0.346,0.000,0.000,0.000,0.442,0.556,0.000,0.000,0.000,0.000,0.000,0.020,0.095,0.000,0.000,0.390,0.000,0.000,0.000,0.000,0.000,0.000,0.000,0.000,0.000,0.000,0.000,0.000,0.000,0.000,0.000,0.137,0.000,0.137,0.000,0.133,0.059,-0.063
9,0.440,0.616,0.000,0.418,0.000,0.000,0.000,0.000,0.000,0.000,0.000,0.416,0.000,0.000,0.000,0.581,0.402,0.000,0.000,0.000,0.000,0.000,0.042,0.204,0.000,0.000,0.390,0.000,0.000,0.000,0.000,0.000,0.000,0.000,0.000,0.000,0.000,0.000,0.000,0.000,0.000,0.000,0.152,0.000,0.152,0.000,0.147,0.070,-0.077
10,0.595,0.365,0.000,0.247,0.000,0.000,0.000,0.000,0.000,0.000,0.000,0.481,0.000,0.000,0.000,0.715,0.218,0.127,0.051,0.039,0.023,0.000,0.048,0.222,0.000,0.000,0.195,0.000,0.000,0.000,0.000,0.018,0.000,0.000,0.000,0.000,0.000,0.000,0.000,0.000,0.000,0.000,0.158,0.000,0.158,0.000,0.153,0.078,-0.092
11,0.750,0.114,0.000,0.077,0.000,0.000,0.000,0.000,0.000,0.000,0.000,0.537,0.000,0.000,0.000,0.837,0.064,0.254,0.160,0.122,0.048,0.000,0.054,0.224,0.000,0.000,0.000,0.000,0.000,0.000,0.000,0.064,0.000,0.000,0.000,0.000,0.000,0.000,0.000,0.000,0.000,0.000,0.159,0.000,0.159,0.000,0.154,0.085,-0.106
12,0.820,0.000,0.000,0.000,0.000,0.000,0.000,0.000,0.000,0.000,0.000,0.581,0.000,0.000,0.000,0.763,0.000,0.254,0.101,0.076,0.035,0.000,0.049,0.215,0.000,0.000,0.000,0.000,0.000,0.000,0.000,0.121,0.000,0.000,0.000,0.000,0.000,0.000,0.000,0.000,0.000,0.000,0.164,0.000,0.164,0.000,0.160,0.091,-0.119
13,0.785,0.000,0.034,0.000,0.000,0.000,0.000,0.000,0.000,0.000,0.000,0.610,0.000,0.000,0.000,0.634,0.000,0.254,0.015,0.012,0.012,0.000,0.042,0.202,0.000,0.032,0.000,0.000,0.000,0.000,0.000,0.174,0.000,0.000,0.000,0.000,0.000,0.000,0.000,0.000,0.000,0.000,0.172,0.000,0.172,0.000,0.167,0.096,-0.130
14,0.699,0.000,0.108,0.000,0.000,0.000,0.000,0.000,0.000,0.000,0.000,0.621,0.000,0.000,0.000,0.562,0.000,0.254,0.000,0.000,0.000,0.000,0.039,0.190,0.000,0.109,0.000,0.000,0.000,0.000,0.000,0.209,0.000,0.000,0.000,0.000,0.000,0.000,0.000,0.000,0.000,0.000,0.162,0.000,0.162,0.000,0.158,0.099,-0.140
15,0.591,0.000,0.183,0.000,0.000,0.000,0.000,0.000,0.000,0.000,0.029,0.605,0.000,0.000,0.000,0.527,0.000,0.253,0.000,0.000,0.000,0.000,0.036,0.175,0.000,0.204,0.000,0.000,0.000,0.000,0.000,0.226,0.000,0.000,0.000,0.000,0.000,0.000,0.000,0.000,0.000,0.000,0.169,0.000,0.169,0.000,0.165,0.102,-0.148
16,0.490,0.000,0.217,0.000,0.000,0.000,0.000,0.000,0.000,0.000,0.118,0.561,0.000,0.000,0.000,0.454,0.000,0.250,0.000,0.000,0.000,0.000,0.031,0.153,0.000,0.290,0.000,0.000,0.000,0.000,0.000,0.233,0.000,0.000,0.000,0.000,0.000,0.000,0.000,0.000,0.000,0.000,0.208,0.000,0.208,0.000,0.202,0.104,-0.153
17,0.387,0.000,0.183,0.000,0.000,0.000,0.000,0.000,0.000,0.000,0.260,0.497,0.000,0.000,0.000,0.353,0.000,0.250,0.000,0.000,0.000,0.000,0.025,0.122,0.000,0.376,0.000,0.000,0.000,0.000,0.000,0.232,0.000,0.000,0.000,0.000,0.000,0.000,0.000,0.000,0.000,0.000,0.224,0.000,0.224,0.000,0.218,0.104,-0.155
18,0.271,0.000,0.108,0.000,0.000,0.000,0.000,0.000,0.000,0.000,0.396,0.419,0.000,0.000,0.000,0.235,0.000,0.257,0.000,0.000,0.000,0.000,0.017,0.084,0.000,0.471,0.000,0.000,0.000,0.000,0.000,0.224,0.000,0.000,0.000,0.000,0.000,0.000,0.000,0.000,0.000,0.000,0.211,0.000,0.211,0.000,0.206,0.105,-0.153
19,0.173,0.000,0.034,0.000,0.000,0.000,0.000,0.000,0.000,0.000,0.486,0.334,0.000,0.000,0.000,0.120,0.000,0.264,0.000,0.000,0.000,0.000,0.009,0.044,0.000,0.548,0.000,0.000,0.000,0.000,0.000,0.209,0.000,0.000,0.000,0.000,0.000,0.000,0.000,0.000,0.000,0.000,0.200,0.000,0.200,0.000,0.194,0.105,-0.147
20,0.120,0.000,0.000,0.000,0.000,0.000,0.000,0.000,0.000,0.000,0.538,0.249,0.000,0.000,0.000,0.034,0.000,0.270,0.000,0.000,0.000,0.000,0.003,0.013,0.000,0.580,0.000,0.000,0.000,0.000,0.000,0.179,0.000,0.000,0.000,0.000,0.000,0.000,0.000,0.000,0.000,0.000,0.192,0.000,0.192,0.000,0.186,0.104,-0.136
21,0.103,0.084,0.000,0.000,0.000,0.000,0.000,0.000,0.002,0.000,0.554,0.171,0.000,0.000,0.000,0.000,0.000,0.272,0.000,0.000,0.000,0.000,0.000,0.000,0.000,0.580,0.000,0.000,0.000,0.000,0.000,0.134,0.000,0.000,0.000,0.000,0.000,0.000,0.000,0.000,0.000,0.000,0.189,0.000,0.189,0.000,0.184,0.104,-0.121
22,0.090,0.274,0.000,0.000,0.000,0.000,0.000,0.000,0.006,0.000,0.492,0.106,0.000,0.000,0.000,0.128,0.000,0.259,0.000,0.000,0.000,0.000,0.021,0.100,0.000,0.580,0.000,0.000,0.000,0.000,0.000,0.085,0.000,0.000,0.000,0.000,0.000,0.000,0.000,0.000,0.000,0.000,0.194,0.000,0.194,0.000,0.189,0.103,-0.100
23,0.081,0.483,0.000,0.000,0.000,0.000,0.000,0.000,0.013,0.000,0.325,0.063,0.000,0.000,0.000,0.410,0.000,0.238,0.000,0.000,0.000,0.000,0.066,0.321,0.000,0.580,0.000,0.000,0.000,0.000,0.000,0.046,0.000,0.000,0.000,0.000,0.000,0.000,0.000,0.000,0.000,0.000,0.199,0.000,0.199,0.000,0.193,0.102,-0.073
24,0.074,0.620,0.000,0.000,0.000,0.000,0.000,0.000,0.021,0.000,0.112,0.047,0.000,0.000,0.000,0.693,0.000,0.227,0.000,0.000,0.000,0.000,0.111,0.542,0.000,0.580,0.000,0.000,0.000,0.000,0.000,0.031,0.000,0.000,0.000,0.000,0.000,0.000,0.000,0.000,0.000,0.000,0.192,0.000,0.192,0.000,0.187,0.102,-0.040
25,0.069,0.652,0.000,0.000,0.000,0.000,0.000,0.000,0.030,0.000,0.000,0.044,0.000,0.040,0.000,0.821,0.000,0.226,0.000,0.000,0.000,0.000,0.132,0.642,0.000,0.580,0.000,0.000,0.000,0.000,0.000,0.055,0.000,0.000,0.000,0.000,0.000,0.000,0.000,0.000,0.000,0.000,0.187,0.000,0.187,0.000,0.181,0.102,0.000
26,0.067,0.631,0.000,0.000,0.000,0.000,0.000,0.000,0.041,0.000,0.041,0.080,0.000,0.140,0.000,0.515,0.000,0.251,0.041,0.185,0.000,0.000,0.083,0.403,0.000,0.580,0.000,0.000,0.000,0.000,0.000,0.113,0.000,0.000,0.000,0.000,0.000,0.000,0.000,0.000,0.000,0.000,0.305,0.000,0.305,0.000,0.297,-0.524,0.576
27,0.067,0.591,0.000,0.000,0.000,0.000,0.000,0.000,0.053,0.000,0.083,0.120,0.000,0.270,0.000,0.210,0.000,0.276,0.083,0.370,0.000,0.000,0.034,0.164,0.000,0.580,0.000,0.000,0.000,0.000,0.000,0.186,0.000,0.000,0.000,0.000,0.000,0.000,0.000,0.000,0.000,0.000,0.423,0.000,0.423,0.000,0.411,-1.000,1.000
28,0.067,0.570,0.000,0.000,0.000,0.000,0.000,0.000,0.063,0.000,0.044,0.093,0.000,0.400,0.000,0.274,0.000,0.259,0.093,0.428,0.000,0.000,0.034,0.164,0.000,0.580,0.000,0.000,0.000,0.000,0.000,0.253,0.000,0.000,0.000,0.000,0.000,0.000,0.000,0.000,0.000,0.000,0.345,0.000,0.345,0.000,0.336,-0.782,0.861
29,0.067,0.538,0.014,0.016,0.000,0.000,0.000,0.000,0.073,0.000,0.003,0.078,0.000,0.500,0.000,0.347,0.000,0.250,0.102,0.486,0.000,0.000,0.034,0.164,0.000,0.580,0.000,0.000,0.000,0.000,0.000,0.294,0.000,0.000,0.000,0.000,0.000,0.000,0.000,0.000,0.000,0.000,0.268,0.000,0.268,0.000,0.260,-0.140,0.339
30,0.068,0.457,0.051,0.057,0.000,0.000,0.000,0.000,0.083,0.000,0.001,0.143,0.000,0.540,0.000,0.254,0.000,0.264,0.074,0.360,0.090,0.056,0.115,0.178,0.000,0.580,0.000,0.000,0.000,0.000,0.000,0.311,0.000,0.000,0.000,0.000,0.000,0.000,0.000,0.000,0.000,0.000,0.246,0.000,0.246,0.000,0.240,0.203,0.000
31,0.071,0.346,0.105,0.114,0.000,0.000,0.000,0.000,0.094,0.000,0.000,0.240,0.000,0.517,0.000,0.086,0.000,0.270,0.026,0.126,0.277,0.173,0.285,0.215,0.000,0.580,0.000,0.000,0.000,0.000,0.000,0.324,0.000,0.000,0.000,0.000,0.000,0.000,0.000,0.000,0.000,0.000,0.229,0.000,0.229,0.000,0.223,0.208,-0.090
32,0.077,0.224,0.169,0.176,0.000,0.000,0.000,0.000,0.103,0.000,0.000,0.306,0.000,0.456,0.000,0.000,0.000,0.270,0.000,0.000,0.277,0.173,0.277,0.173,0.000,0.580,0.000,0.000,0.000,0.000,0.000,0.332,0.000,0.000,0.000,0.000,0.000,0.000,0.000,0.000,0.000,0.000,0.164,0.000,0.164,0.000,0.159,0.221,-0.155
33,0.086,0.113,0.237,0.233,0.000,0.000,0.000,0.000,0.111,0.000,0.040,0.373,0.000,0.369,0.000,0.167,0.000,0.294,0.040,0.000,0.115,0.072,0.142,0.203,0.000,0.580,0.000,0.000,0.000,0.000,0.000,0.334,0.000,0.000,0.000,0.000,0.000,0.000,0.000,0.000,0.000,0.000,0.183,0.000,0.183,0.000,0.178,0.240,-0.195
34,0.100,0.032,0.301,0.274,0.000,0.000,0.000,0.000,0.117,0.000,0.104,0.456,0.000,0.270,0.000,0.334,0.000,0.305,0.104,0.000,0.000,0.000,0.054,0.261,0.000,0.580,0.000,0.000,0.000,0.000,0.000,0.332,0.000,0.000,0.000,0.000,0.000,0.000,0.000,0.000,0.000,0.000,0.295,0.000,0.295,0.000,0.287,0.261,-0.209
35,0.120,0.000,0.355,0.290,0.000,0.000,0.000,0.000,0.119,0.000,0.132,0.498,0.000,0.171,0.000,0.334,0.000,0.255,0.132,0.000,0.000,0.000,0.054,0.261,0.000,0.580,0.000,0.000,0.000,0.000,0.000,0.325,0.009,0.000,0.000,0.000,0.000,0.000,0.000,0.000,0.000,0.000,0.374,0.000,0.374,0.000,0.364,0.282,-0.197
36,0.160,0.000,0.392,0.278,0.000,0.000,0.000,0.000,0.114,0.000,0.136,0.513,0.000,0.084,0.000,0.334,0.000,0.177,0.136,0.000,0.000,0.000,0.054,0.261,0.000,0.580,0.000,0.000,0.000,0.000,0.000,0.312,0.033,0.000,0.000,0.000,0.000,0.000,0.000,0.000,0.000,0.000,0.386,0.000,0.386,0.000,0.376,0.300,-0.158
37,0.228,0.000,0.406,0.245,0.000,0.000,0.000,0.000,0.100,0.000,0.130,0.514,0.000,0.023,0.000,0.334,0.000,0.107,0.130,0.000,0.000,0.000,0.054,0.261,0.000,0.580,0.000,0.000,0.000,0.000,0.000,0.295,0.069,0.000,0.000,0.000,0.000,0.000,0.000,0.000,0.000,0.000,0.371,0.000,0.371,0.000,0.361,0.313,-0.092
38,0.314,0.000,0.376,0.198,0.000,0.000,0.000,0.000,0.081,0.000,0.101,0.489,0.000,0.000,0.000,0.334,0.000,0.061,0.101,0.000,0.000,0.000,0.054,0.261,0.000,0.580,0.000,0.000,0.000,0.000,0.000,0.265,0.114,0.000,0.000,0.000,0.000,0.000,0.000,0.000,0.000,0.000,0.290,0.000,0.290,0.000,0.282,0.318,0.000
39,0.408,0.000,0.301,0.145,0.000,0.000,0.000,0.000,0.059,0.000,0.067,0.456,0.000,0.000,0.000,0.331,0.000,0.041,0.067,0.000,0.000,0.000,0.053,0.259,0.000,0.580,0.000,0.000,0.000,0.000,0.000,0.217,0.165,0.000,0.000,0.000,0.000,0.000,0.000,0.000,0.000,0.000,0.195,0.000,0.195,0.000,0.190,-0.388,0.557
40,0.498,0.000,0.203,0.092,0.000,0.000,0.000,0.000,0.038,0.000,0.052,0.433,0.000,0.000,0.000,0.311,0.000,0.032,0.052,0.000,0.000,0.000,0.050,0.244,0.000,0.580,0.000,0.000,0.000,0.000,0.000,0.160,0.218,0.000,0.000,0.000,0.000,0.000,0.000,0.000,0.000,0.000,0.155,0.000,0.155,0.000,0.150,-1.000,1.000
41,0.576,0.000,0.105,0.045,0.000,0.000,0.000,0.000,0.019,0.000,0.049,0.411,0.000,0.000,0.000,0.258,0.000,0.030,0.049,0.000,0.000,0.000,0.041,0.202,0.000,0.580,0.000,0.000,0.000,0.000,0.000,0.102,0.270,0.000,0.000,0.000,0.000,0.000,0.000,0.000,0.000,0.000,0.147,0.000,0.147,0.000,0.143,-0.870,0.789
42,0.630,0.000,0.030,0.012,0.000,0.000,0.000,0.000,0.005,0.000,0.076,0.409,0.000,0.000,0.000,0.110,0.000,0.046,0.076,0.000,0.000,0.000,0.018,0.086,0.000,0.580,0.000,0.000,0.000,0.000,0.000,0.051,0.319,0.000,0.000,0.000,0.000,0.000,0.000,0.000,0.000,0.000,0.224,0.000,0.224,0.000,0.218,-0.320,0.281
43,0.650,0.000,0.000,0.000,0.000,0.000,0.000,0.000,0.000,0.000,0.103,0.403,0.000,0.000,0.000,0.000,0.000,0.062,0.103,0.000,0.000,0.000,0.000,0.000,0.000,0.580,0.000,0.000,0.000,0.000,0.000,0.014,0.360,0.000,0.000,0.000,0.000,0.000,0.000,0.000,0.000,0.000,0.301,0.000,0.301,0.000,0.293,0.000,0.000
44,0.635,0.000,0.000,0.000,0.000,0.000,0.000,0.000,0.000,0.000,0.103,0.370,0.000,0.000,0.000,0.000,0.000,0.062,0.103,0.000,0.000,0.000,0.000,0.000,0.000,0.580,0.000,0.000,0.000,0.000,0.000,0.000,0.390,0.000,0.000,0.000,0.000,0.000,0.000,0.000,0.000,0.000,0.303,0.000,0.303,0.000,0.295,0.029,-0.014
45,0.596,0.000,0.000,0.000,0.000,0.000,0.000,0.000,0.000,0.000,0.103,0.329,0.000,0.000,0.000,0.000,0.000,0.063,0.103,0.000,0.000,0.000,0.000,0.000,0.000,0.580,0.000,0.000,0.000,0.000,0.000,0.000,0.402,0.000,0.000,0.000,0.000,0.000,0.000,0.000,0.000,0.000,0.304,0.000,0.304,0.000,0.295,0.056,-0.027
46,0.544,0.000,0.000,0.000,0.000,0.000,0.000,0.000,0.000,0.000,0.103,0.279,0.000,0.000,0.000,0.000,0.000,0.063,0.103,0.000,0.000,0.000,0.000,0.000,0.000,0.580,0.000,0.000,0.000,0.000,0.000,0.000,0.395,0.000,0.000,0.000,0.000,0.000,0.000,0.000,0.000,0.000,0.303,0.000,0.303,0.000,0.295,0.080,-0.039
47,0.486,0.000,0.000,0.000,0.000,0.000,0.000,0.000,0.000,0.000,0.092,0.213,0.000,0.000,0.000,0.001,0.000,0.056,0.092,0.000,0.000,0.000,0.000,0.000,0.000,0.580,0.000,0.000,0.000,0.000,0.000,0.000,0.371,0.000,0.000,0.000,0.000,0.000,0.000,0.000,0.000,0.000,0.270,0.000,0.270,0.000,0.262,0.102,-0.050
48,0.434,0.000,0.000,0.000,0.000,0.000,0.000,0.000,0.000,0.000,0.066,0.136,0.000,0.000,0.000,0.044,0.000,0.040,0.114,0.085,0.000,0.000,0.000,0.000,0.000,0.580,0.000,0.000,0.000,0.000,0.000,0.000,0.336,0.000,0.000,0.000,0.000,0.000,0.000,0.000,0.000,0.000,0.200,0.000,0.200,0.000,0.201,0.122,-0.061
49,0.395,0.000,0.000,0.000,0.000,0.000,0.000,0.000,0.000,0.000,0.038,0.064,0.000,0.000,0.000,0.138,0.000,0.023,0.202,0.267,0.000,0.000,0.000,0.000,0.000,0.580,0.000,0.000,0.000,0.000,0.000,0.000,0.284,0.000,0.000,0.000,0.000,0.000,0.000,0.000,0.000,0.000,0.130,0.000,0.130,0.000,0.149,0.140,-0.071
50,0.380,0.000,0.000,0.000,0.000,0.000,0.000,0.000,0.000,0.000,0.019,0.016,0.000,0.000,0.000,0.236,0.000,0.012,0.321,0.449,0.000,0.000,0.000,0.000,0.000,0.580,0.000,0.000,0.000,0.000,0.000,0.000,0.214,0.000,0.000,0.000,0.000,0.000,0.000,0.000,0.000,0.000,0.093,0.000,0.093,0.000,0.131,0.155,-0.081
51,0.380,0.000,0.000,0.024,0.000,0.000,0.000,0.000,0.000,0.000,0.011,-0.004,0.000,0.000,0.000,0.306,0.000,0.007,0.429,0.572,0.000,0.000,0.000,0.000,0.000,0.580,0.000,0.000,0.000,0.000,0.000,0.000,0.139,0.000,0.000,0.000,0.000,0.000,0.000,0.000,0.000,0.000,0.085,0.000,0.085,0.000,0.139,0.169,-0.089
52,0.380,0.000,0.000,0.081,0.000,0.000,0.000,0.000,0.000,0.000,0.006,0.004,0.000,0.000,0.000,0.331,0.000,0.004,0.472,0.615,0.000,0.000,0.000,0.000,0.000,0.580,0.000,0.000,0.000,0.000,0.000,0.000,0.070,0.000,0.000,0.000,0.000,0.000,0.000,0.000,0.000,0.000,0.081,0.000,0.081,0.000,0.141,0.181,-0.097
53,0.380,0.000,0.000,0.149,0.000,0.000,0.000,0.000,0.000,0.000,0.003,0.035,0.000,0.000,0.000,0.331,0.000,0.002,0.468,0.614,0.000,0.000,0.000,0.000,0.000,0.580,0.000,0.000,0.000,0.000,0.000,0.000,0.019,0.000,0.000,0.000,0.000,0.000,0.000,0.000,0.000,0.000,0.078,0.000,0.078,0.000,0.139,0.192,-0.105
54,0.380,0.000,0.000,0.206,0.000,0.000,0.000,0.000,0.000,0.000,0.001,0.084,0.000,0.000,0.000,0.330,0.000,0.000,0.466,0.614,0.000,0.000,0.000,0.000,0.000,0.580,0.000,0.000,0.000,0.000,0.000,0.000,0.000,0.000,0.000,0.000,0.000,0.000,0.000,0.000,0.000,0.000,0.080,0.000,0.080,0.000,0.141,0.200,-0.112
55,0.380,0.000,0.000,0.230,0.000,0.000,0.000,0.000,0.000,0.000,0.000,0.145,0.000,0.000,0.000,0.329,0.000,0.000,0.464,0.613,0.000,0.000,0.000,0.000,0.000,0.580,0.000,0.000,0.000,0.000,0.000,0.000,0.000,0.000,0.000,0.000,0.000,0.000,0.000,0.000,0.000,0.000,0.083,0.000,0.083,0.000,0.144,0.208,-0.118
56,0.380,0.019,0.000,0.213,0.000,0.000,0.000,0.000,0.000,0.000,0.000,0.212,0.000,0.000,0.000,0.329,0.000,0.000,0.464,0.612,0.000,0.000,0.000,0.000,0.000,0.580,0.000,0.000,0.000,0.000,0.000,0.000,0.000,0.000,0.000,0.000,0.000,0.000,0.000,0.000,0.000,0.000,0.085,0.000,0.085,0.000,0.145,0.213,-0.123
57,0.380,0.065,0.000,0.170,0.000,0.000,0.000,0.000,0.000,0.000,0.000,0.280,0.000,0.000,0.000,0.358,0.000,0.000,0.488,0.640,0.000,0.000,0.000,0.000,0.000,0.580,0.000,0.000,0.000,0.000,0.000,0.000,0.000,0.000,0.000,0.000,0.000,0.000,0.000,0.000,0.000,0.000,0.181,0.000,0.181,0.000,0.239,0.218,-0.128
58,0.380,0.126,0.000,0.115,0.000,0.000,0.000,0.000,0.000,0.000,0.014,0.355,0.000,0.000,0.000,0.394,0.000,0.008,0.498,0.650,0.000,0.000,0.000,0.000,0.000,0.580,0.000,0.000,0.000,0.000,0.000,0.000,0.000,0.000,0.000,0.000,0.000,0.000,0.000,0.000,0.000,0.000,0.323,0.000,0.323,0.000,0.370,0.222,-0.133
59,0.380,0.186,0.000,0.060,0.000,0.000,0.000,0.000,0.000,0.000,0.038,0.431,0.000,0.000,0.000,0.361,0.000,0.023,0.432,0.556,0.000,0.000,0.000,0.000,0.000,0.580,0.000,0.000,0.000,0.000,0.000,0.000,0.000,0.000,0.000,0.000,0.000,0.000,0.000,0.000,0.000,0.000,0.346,0.000,0.346,0.000,0.377,0.224,-0.137
60,0.380,0.232,0.000,0.017,0.000,0.000,0.000,0.000,0.000,0.000,0.138,0.480,0.000,0.000,0.000,0.228,0.000,0.031,0.320,0.379,0.000,0.000,0.000,0.000,0.000,0.580,0.000,0.000,0.000,0.000,0.000,0.000,0.000,0.000,0.000,0.000,0.000,0.000,0.011,0.000,0.000,0.000,0.276,0.000,0.276,0.000,0.315,0.226,-0.140
61,0.380,0.251,0.000,0.000,0.000,0.000,0.000,0.000,0.000,0.000,0.354,0.471,0.000,0.000,0.000,0.072,0.000,0.016,0.203,0.205,0.000,0.000,0.000,0.000,0.000,0.580,0.000,0.000,0.000,0.000,0.000,0.000,0.000,0.000,0.000,0.000,0.000,0.000,0.022,0.000,0.000,0.000,0.154,0.000,0.154,0.000,0.227,0.226,-0.143
62,0.374,0.251,0.041,0.000,0.000,0.000,0.000,0.000,0.000,0.000,0.687,0.426,0.000,0.000,0.000,0.052,0.000,0.014,0.142,0.125,0.000,0.000,0.008,0.041,0.000,0.580,0.000,0.000,0.000,0.000,0.000,0.000,0.000,0.000,0.000,0.000,0.000,0.000,0.011,0.000,0.000,0.000,0.137,0.000,0.137,0.000,0.228,0.226,-0.146
63,0.360,0.251,0.147,0.000,0.000,0.000,0.000,0.000,0.000,0.000,0.866,0.370,0.000,0.000,0.000,0.148,0.000,0.040,0.142,0.125,0.000,0.000,0.024,0.116,0.000,0.580,0.000,0.000,0.000,0.000,0.000,0.000,0.000,0.000,0.000,0.000,0.000,0.000,0.000,0.000,0.000,0.000,0.181,0.000,0.181,0.000,0.271,0.226,-0.148
64,0.341,0.251,0.291,0.000,0.000,0.000,0.000,0.000,0.000,0.000,0.869,0.290,0.000,0.000,0.000,0.200,0.000,0.040,0.142,0.125,0.000,0.000,0.032,0.157,0.000,0.580,0.000,0.000,0.000,0.000,0.000,0.000,0.000,0.000,0.000,0.000,0.000,0.000,0.000,0.000,0.000,0.000,0.186,0.000,0.186,0.000,0.276,0.224,-0.149
65,0.319,0.251,0.448,0.000,0.000,0.000,0.000,0.000,0.000,0.000,0.843,0.203,0.000,0.000,0.000,0.214,0.000,0.035,0.142,0.125,0.000,0.000,0.034,0.168,0.180,0.580,0.000,0.000,0.000,0.000,0.000,0.000,0.000,0.000,0.000,0.000,0.000,0.000,0.000,0.000,0.000,0.000,0.183,0.000,0.183,0.000,0.273,0.223,-0.150
66,0.300,0.251,0.592,0.000,0.000,0.000,0.000,0.000,0.000,0.000,0.570,0.123,0.000,0.000,0.000,0.228,0.000,0.020,0.071,0.062,0.000,0.000,0.037,0.178,0.345,0.580,0.000,0.000,0.000,0.000,0.000,0.000,0.001,0.000,0.000,0.000,0.000,0.000,0.000,0.000,0.000,0.000,0.134,0.000,0.134,0.000,0.177,0.221,-0.151
67,0.286,0.251,0.698,0.000,0.000,0.000,0.000,0.000,0.000,0.000,0.216,0.119,0.000,0.000,0.000,0.305,0.000,0.037,0.057,0.000,0.000,0.000,0.049,0.239,0.390,0.580,0.000,0.000,0.000,0.000,0.000,0.000,0.002,0.000,0.000,0.000,0.000,0.000,0.000,0.000,0.000,0.000,0.256,0.000,0.256,0.000,0.249,0.219,-0.151
68,0.280,0.251,0.739,0.000,0.000,0.000,0.000,0.000,0.000,0.000,0.100,0.136,0.000,0.000,0.000,0.382,0.000,0.060,0.100,0.000,0.000,0.000,0.061,0.299,0.345,0.580,0.000,0.000,0.000,0.000,0.000,0.000,0.004,0.000,0.000,0.000,0.000,0.000,0.000,0.000,0.000,0.000,0.388,0.000,0.388,0.000,0.377,0.216,-0.151
69,0.284,0.251,0.739,0.017,0.000,0.000,0.000,0.000,0.000,0.000,0.079,0.116,0.000,0.000,0.000,0.382,0.000,0.048,0.079,0.000,0.000,0.000,0.061,0.299,0.180,0.580,0.000,0.000,0.000,0.000,0.000,0.000,0.007,0.000,0.000,0.000,0.000,0.000,0.000,0.000,0.000,0.000,0.330,0.000,0.330,0.000,0.321,0.214,-0.150
70,0.296,0.251,0.739,0.063,0.000,0.000,0.000,0.000,0.000,0.000,0.059,0.095,0.000,0.000,0.000,0.382,0.000,0.036,0.059,0.000,0.105,0.000,0.061,0.299,0.000,0.580,0.000,0.000,0.000,0.000,0.000,0.000,0.009,0.000,0.000,0.000,0.000,0.000,0.000,0.000,0.000,0.000,0.302,0.000,0.302,0.000,0.294,0.212,-0.149
71,0.312,0.251,0.739,0.127,0.000,0.000,0.000,0.000,0.000,0.000,0.000,0.036,0.002,0.000,0.000,0.382,0.000,0.000,0.000,0.000,0.229,0.000,0.061,0.299,0.000,0.580,0.000,0.000,0.000,0.000,0.000,0.000,0.013,0.000,0.000,0.000,0.000,0.000,0.000,0.000,0.000,0.000,0.169,0.000,0.169,0.000,0.164,0.210,-0.148
72,0.330,0.251,0.739,0.200,0.000,0.000,0.000,0.000,0.000,0.000,0.000,0.033,0.004,0.000,0.000,0.382,0.000,0.000,0.000,0.000,0.276,0.000,0.061,0.299,0.000,0.580,0.000,0.000,0.000,0.000,0.000,0.000,0.016,0.000,0.000,0.000,0.000,0.000,0.000,0.000,0.000,0.000,0.181,0.000,0.181,0.000,0.176,0.208,-0.146
73,0.348,0.217,0.739,0.273,0.000,0.000,0.000,0.000,0.000,0.000,0.000,0.030,0.002,0.000,0.000,0.316,0.000,0.000,0.091,0.107,0.229,0.000,0.031,0.149,0.000,0.580,0.000,0.000,0.000,0.000,0.000,0.000,0.020,0.000,0.000,0.000,0.000,0.000,0.000,0.000,0.000,0.000,0.182,0.000,0.182,0.000,0.177,0.207,-0.144
74,0.364,0.140,0.739,0.337,0.000,0.000,0.000,0.000,0.000,0.000,0.028,0.028,0.000,0.000,0.000,0.264,0.000,0.000,0.183,0.238,0.105,0.000,0.000,0.000,0.000,0.580,0.000,0.000,0.000,0.000,0.000,0.000,0.025,0.000,0.000,0.000,0.000,0.000,0.000,0.000,0.000,0.000,0.206,0.000,0.206,0.000,0.200,0.207,-0.142
75,0.376,0.056,0.739,0.383,0.000,0.000,0.000,0.000,0.000,0.000,0.070,0.026,0.000,0.000,0.000,0.125,0.000,0.000,0.091,0.165,0.000,0.000,0.000,0.000,0.000,0.580,0.000,0.000,0.000,0.000,0.000,0.000,0.029,0.000,0.000,0.000,0.000,0.000,0.000,0.000,0.000,0.000,0.159,0.000,0.159,0.000,0.155,0.207,-0.140
76,0.380,0.004,0.739,0.400,0.000,0.000,0.000,0.000,0.000,0.000,0.098,0.025,0.000,0.000,0.000,0.000,0.000,0.000,0.033,0.082,0.000,0.000,0.000,0.000,0.000,0.580,0.000,0.000,0.000,0.000,0.000,0.000,0.034,0.000,0.000,0.000,0.000,0.000,0.000,0.000,0.000,0.000,0.193,0.000,0.193,0.000,0.187,0.207,-0.137
77,0.353,-0.014,0.686,0.388,0.000,0.000,0.000,0.000,0.024,0.000,0.070,0.025,0.000,0.000,0.000,0.000,0.000,0.000,0.097,0.058,0.000,0.000,0.000,0.000,0.000,0.580,0.000,0.000,0.000,0.000,0.000,0.000,0.044,0.000,0.000,0.000,0.000,0.000,0.000,0.000,0.000,0.000,0.300,0.000,0.300,0.000,0.292,0.209,-0.134
78,0.283,-0.020,0.550,0.359,0.000,0.000,0.000,0.000,0.087,0.000,0.028,0.025,0.000,0.000,0.000,0.000,0.000,0.000,0.143,0.024,0.000,0.000,0.000,0.000,0.000,0.580,0.000,0.000,0.000,0.000,0.000,0.000,0.060,0.000,0.000,0.000,0.000,0.000,0.000,0.000,0.000,0.000,0.340,0.000,0.340,0.000,0.331,0.211,-0.131
79,0.188,-0.017,0.367,0.319,0.000,0.000,0.000,0.000,0.171,0.000,0.000,0.025,0.000,0.000,0.000,0.000,0.000,0.000,0.147,0.000,0.000,0.000,0.000,0.000,0.000,0.580,0.000,0.000,0.000,0.000,0.000,0.000,0.075,0.000,0.000,0.000,0.000,0.000,0.000,0.000,0.000,0.000,0.314,0.000,0.314,0.000,0.305,0.215,-0.127
80,0.088,-0.010,0.171,0.277,0.000,0.000,0.000,0.000,0.261,0.000,0.000,0.025,0.000,0.000,0.000,0.000,0.000,0.000,0.133,0.000,0.000,0.000,0.000,0.000,0.000,0.580,0.000,0.000,0.000,0.000,0.000,0.000,0.084,0.000,0.000,0.000,0.000,0.000,0.000,0.000,0.000,0.000,0.285,0.000,0.285,0.000,0.277,0.220,-0.124
81,0.000,-0.003,0.000,0.240,0.000,0.000,0.000,0.000,0.340,0.000,0.000,0.025,0.000,0.000,0.000,0.119,0.000,0.000,0.117,0.000,0.000,0.000,0.019,0.093,0.000,0.580,0.000,0.000,0.000,0.000,0.000,0.000,0.085,0.000,0.000,0.000,0.000,0.000,0.000,0.000,0.000,0.000,0.253,0.000,0.253,0.000,0.246,0.226,-0.120
82,0.000,0.000,0.000,0.214,0.000,0.000,0.000,0.000,0.319,0.000,0.000,0.025,0.000,0.000,0.000,0.373,0.000,0.000,0.099,0.000,0.000,0.000,0.060,0.292,0.000,0.622,0.000,0.000,0.000,0.000,0.000,0.000,0.082,0.000,0.000,0.000,0.000,0.000,0.000,0.000,0.000,0.000,0.216,0.000,0.216,0.000,0.211,0.233,-0.116
83,0.000,0.005,0.000,0.189,0.000,0.000,0.000,0.000,0.298,0.000,0.000,0.025,0.000,0.000,0.000,0.621,0.000,0.000,0.079,0.000,0.000,0.000,0.100,0.486,0.000,0.663,0.000,0.000,0.000,0.000,0.000,0.000,0.076,0.000,0.000,0.000,0.000,0.000,0.000,0.000,0.000,0.000,0.176,0.000,0.176,0.000,0.171,0.242,-0.112
84,0.000,0.020,0.000,0.163,0.000,0.000,0.000,0.000,0.276,0.000,0.000,0.025,0.000,0.000,0.000,0.733,0.000,0.000,0.078,0.000,0.000,0.000,0.118,0.574,0.000,0.705,0.000,0.000,0.000,0.000,0.000,0.000,0.071,0.000,0.000,0.000,0.000,0.000,0.000,0.000,0.000,0.000,0.177,0.000,0.177,0.000,0.172,0.252,-0.107
85,0.000,0.043,0.000,0.138,0.000,0.000,0.000,0.000,0.255,0.000,0.000,0.025,0.000,0.000,0.000,0.643,0.000,0.000,0.119,0.000,0.000,0.000,0.103,0.503,0.000,0.746,0.000,0.000,0.000,0.000,0.000,0.000,0.069,0.000,0.000,0.000,0.000,0.000,0.000,0.000,0.000,0.000,0.265,0.000,0.265,0.000,0.257,0.265,-0.103
86,0.000,0.071,0.000,0.112,0.000,0.000,0.000,0.000,0.234,0.000,0.000,0.025,0.000,0.000,0.000,0.380,0.000,0.000,0.178,0.000,0.000,0.000,0.061,0.298,0.000,0.788,0.000,0.000,0.000,0.000,0.000,0.000,0.069,0.000,0.000,0.000,0.000,0.000,0.000,0.000,0.000,0.000,0.388,0.000,0.388,0.000,0.377,0.279,-0.099
87,0.000,0.104,0.000,0.087,0.000,0.000,0.000,0.000,0.213,0.000,0.000,0.025,0.000,0.000,0.000,0.103,0.000,0.000,0.209,0.000,0.000,0.000,0.017,0.081,0.000,0.830,0.000,0.000,0.000,0.000,0.000,0.000,0.069,0.000,0.000,0.000,0.000,0.000,0.000,0.000,0.000,0.000,0.451,0.000,0.451,0.000,0.439,0.359,-0.094
88,0.000,0.139,0.000,0.061,0.000,0.000,0.000,0.000,0.191,0.000,0.000,0.025,0.000,0.000,0.000,0.000,0.000,0.000,0.206,0.000,0.000,0.000,0.000,0.000,0.000,0.871,0.000,0.000,0.000,0.000,0.000,0.000,0.069,0.000,0.000,0.000,0.000,0.000,0.000,0.000,0.000,0.000,0.448,0.000,0.448,0.000,0.436,0.514,-0.089
89,0.000,0.174,0.000,0.036,0.000,0.000,0.000,0.000,0.170,0.000,0.000,0.024,0.000,0.000,0.000,0.118,0.000,0.000,0.198,0.000,0.000,0.000,0.019,0.092,0.000,0.913,0.000,0.000,0.000,0.000,0.000,0.000,0.069,0.000,0.000,0.000,0.000,0.000,0.000,0.000,0.000,0.000,0.425,0.000,0.425,0.000,0.414,0.656,-0.085
90,0.000,0.209,0.000,0.010,0.000,0.000,0.000,0.000,0.149,0.000,0.000,0.024,0.000,0.000,0.000,0.271,0.000,0.000,0.184,0.000,0.000,0.000,0.044,0.212,0.000,0.955,0.000,0.000,0.000,0.000,0.000,0.000,0.069,0.000,0.000,0.000,0.000,0.000,0.000,0.000,0.000,0.000,0.389,0.000,0.389,0.000,0.379,0.699,-0.080
91,0.013,0.245,0.001,0.009,0.000,0.000,0.000,0.000,0.127,0.000,0.000,0.024,0.000,0.000,0.000,0.414,0.000,0.000,0.167,0.000,0.000,0.000,0.067,0.324,0.000,0.940,0.000,0.000,0.000,0.000,0.000,0.000,0.069,0.000,0.000,0.000,0.000,0.000,0.000,0.000,0.000,0.000,0.353,0.000,0.353,0.000,0.344,0.574,-0.075
92,0.026,0.284,0.003,0.007,0.000,0.000,0.000,0.000,0.106,0.000,0.000,0.024,0.000,0.000,0.000,0.526,0.000,0.000,0.148,0.000,0.000,0.000,0.085,0.412,0.000,0.926,0.000,0.000,0.000,0.000,0.000,0.000,0.069,0.000,0.000,0.000,0.000,0.000,0.000,0.000,0.000,0.000,0.312,0.000,0.312,0.000,0.304,0.343,-0.071
93,0.039,0.326,0.004,0.006,0.000,0.000,0.000,0.000,0.085,0.000,0.000,0.023,0.000,0.000,0.000,0.577,0.000,0.000,0.127,0.000,0.000,0.000,0.093,0.451,0.000,0.912,0.000,0.000,0.000,0.000,0.000,0.000,0.069,0.000,0.000,0.000,0.000,0.000,0.000,0.000,0.000,0.000,0.268,0.000,0.268,0.000,0.261,0.115,-0.066
94,0.051,0.370,0.006,0.004,0.000,0.000,0.000,0.000,0.064,0.000,0.000,0.023,0.000,0.000,0.000,0.517,0.000,0.000,0.106,0.000,0.000,0.000,0.083,0.404,0.000,0.898,0.000,0.000,0.000,0.000,0.000,0.000,0.069,0.000,0.000,0.000,0.000,0.000,0.000,0.000,0.000,0.000,0.224,0.000,0.224,0.000,0.218,0.000,-0.061
95,0.064,0.414,0.007,0.003,0.000,0.000,0.000,0.000,0.042,0.000,0.000,0.023,0.000,0.000,0.000,0.374,0.000,0.000,0.086,0.000,0.000,0.000,0.060,0.293,0.000,0.884,0.000,0.000,0.000,0.000,0.000,0.000,0.069,0.000,0.000,0.000,0.000,0.000,0.000,0.000,0.000,0.000,0.182,0.000,0.182,0.000,0.177,-0.016,-0.057
96,0.077,0.458,0.009,0.001,0.000,0.000,0.000,0.000,0.021,0.000,0.242,0.044,0.000,0.000,0.000,0.203,0.000,0.004,0.055,0.000,0.000,0.000,0.033,0.159,0.000,0.870,0.000,0.000,0.000,0.000,0.000,0.000,0.069,0.000,0.000,0.000,0.000,0.000,0.000,0.000,0.000,0.000,0.189,0.000,0.189,0.000,0.184,-0.021,-0.052
97,0.090,0.501,0.010,0.000,0.000,0.000,0.000,0.000,0.000,0.000,0.536,0.076,0.000,0.000,0.000,0.060,0.000,0.026,0.018,0.000,0.000,0.000,0.010,0.047,0.000,0.856,0.000,0.000,0.000,0.000,0.000,0.000,0.069,0.000,0.000,0.000,0.000,0.000,0.000,0.000,0.000,0.000,0.223,0.000,0.223,0.000,0.217,-0.017,-0.048
98,0.080,0.501,0.009,0.008,0.000,0.000,0.000,0.000,0.011,0.000,0.652,0.092,0.000,0.000,0.000,0.000,0.000,0.044,0.000,0.000,0.000,0.000,0.000,0.000,0.000,0.856,0.000,0.000,0.000,0.000,0.000,0.000,0.069,0.000,0.000,0.000,0.000,0.000,0.000,0.000,0.000,0.000,0.242,0.000,0.242,0.000,0.236,-0.006,-0.043
99,0.070,0.501,0.008,0.016,0.000,0.000,0.000,0.000,0.022,0.000,0.614,0.075,0.000,0.000,0.000,0.066,0.000,0.026,0.039,0.033,0.000,0.000,0.011,0.052,0.000,0.856,0.000,0.000,0.000,0.000,0.000,0.000,0.069,0.000,0.000,0.000,0.000,0.000,0.000,0.000,0.000,0.000,0.201,0.000,0.201,0.000,0.220,0.013,-0.039
100,0.060,0.501,0.007,0.024,0.000,0.000,0.000,0.000,0.033,0.000,0.522,0.045,0.000,0.000,0.000,0.211,0.000,0.006,0.131,0.111,0.000,0.000,0.034,0.165,0.000,0.856,0.000,0.000,0.000,0.000,0.000,0.000,0.069,0.000,0.000,0.000,0.000,0.000,0.000,0.000,0.000,0.000,0.125,0.000,0.125,0.000,0.205,0.037,-0.035
101,0.050,0.501,0.006,0.031,0.000,0.000,0.000,0.000,0.044,0.000,0.514,0.031,0.000,0.000,0.000,0.356,0.000,0.005,0.242,0.205,0.000,0.000,0.057,0.279,0.000,0.856,0.000,0.000,0.000,0.000,0.000,0.000,0.069,0.000,0.000,0.000,0.000,0.000,0.000,0.000,0.000,0.000,0.094,0.000,0.094,0.000,0.247,0.065,-0.031
102,0.040,0.501,0.004,0.039,0.000,0.000,0.000,0.000,0.056,0.000,0.562,0.036,0.000,0.000,0.000,0.422,0.000,0.008,0.337,0.283,0.000,0.000,0.068,0.330,0.000,0.856,0.000,0.000,0.000,0.000,0.000,0.000,0.069,0.000,0.000,0.000,0.000,0.000,0.000,0.000,0.000,0.000,0.112,0.000,0.112,0.000,0.324,0.096,-0.027
103,0.030,0.501,0.003,0.047,0.000,0.000,0.000,0.000,0.067,0.000,0.567,0.041,0.000,0.000,0.000,0.398,0.000,0.011,0.379,0.316,0.000,0.000,0.064,0.312,0.000,0.856,0.000,0.000,0.000,0.000,0.000,0.000,0.069,0.000,0.000,0.000,0.000,0.000,0.000,0.000,0.000,0.000,0.127,0.000,0.127,0.000,0.363,0.129,-0.024
104,0.020,0.501,0.002,0.055,0.000,0.000,0.000,0.000,0.078,0.000,0.715,0.045,0.000,0.000,0.000,0.338,0.000,0.016,0.384,0.316,0.000,0.000,0.054,0.265,0.000,0.856,0.000,0.000,0.000,0.000,0.000,0.000,0.069,0.000,0.000,0.000,0.000,0.000,0.000,0.000,0.000,0.000,0.175,0.000,0.175,0.000,0.410,0.162,-0.020
105,0.010,0.501,0.001,0.063,0.000,0.000,0.000,0.000,0.089,0.000,0.846,0.049,0.000,0.000,0.000,0.256,0.000,0.025,0.389,0.316,0.000,0.000,0.041,0.200,0.000,0.856,0.000,0.000,0.000,0.000,0.000,0.000,0.069,0.000,0.000,0.000,0.000,0.000,0.000,0.000,0.000,0.000,0.217,0.000,0.217,0.000,0.451,0.195,-0.017
106,0.000,0.501,0.000,0.071,0.000,0.000,0.000,0.000,0.100,0.000,0.774,0.052,0.000,0.000,0.000,0.166,0.000,0.023,0.298,0.234,0.000,0.000,0.027,0.130,0.000,0.856,0.000,0.000,0.000,0.000,0.000,0.000,0.069,0.000,0.000,0.000,0.000,0.000,0.000,0.000,0.000,0.000,0.210,0.000,0.210,0.000,0.382,0.225,-0.014
107,0.037,0.501,0.000,0.071,0.000,0.000,0.000,0.000,0.099,0.000,0.334,0.053,0.000,0.000,0.000,0.084,0.000,0.020,0.125,0.082,0.000,0.000,0.013,0.065,0.000,0.856,0.000,0.000,0.000,0.000,0.000,0.000,0.069,0.000,0.000,0.000,0.000,0.000,0.000,0.000,0.000,0.000,0.148,0.000,0.148,0.000,0.206,0.253,-0.011
108,0.074,0.501,0.000,0.071,0.000,0.000,0.000,0.000,0.097,0.000,0.016,0.038,0.000,0.000,0.000,0.023,0.000,0.010,0.016,0.000,0.000,0.000,0.314,0.411,0.000,0.856,0.000,0.000,0.000,0.000,0.000,0.000,0.069,0.000,0.000,0.000,0.000,0.000,0.000,0.000,0.000,0.000,0.199,0.000,0.199,0.000,0.193,0.275,-0.009
109,0.111,0.501,0.000,0.071,0.000,0.000,0.000,0.000,0.096,0.000,0.000,0.050,0.000,0.000,0.000,0.000,0.000,0.000,0.000,0.000,0.000,0.000,0.537,0.680,0.000,0.856,0.000,0.000,0.000,0.000,0.000,0.000,0.069,0.000,0.000,0.000,0.000,0.000,0.000,0.000,0.000,0.000,0.267,0.000,0.267,0.000,0.260,0.293,-0.006
110,0.149,0.501,0.000,0.071,0.000,0.000,0.000,0.000,0.094,0.000,0.000,0.118,0.000,0.000,0.000,0.000,0.000,0.000,0.000,0.000,0.000,0.000,0.417,0.528,0.000,0.856,0.000,0.000,0.000,0.000,0.000,0.000,0.069,0.000,0.000,0.000,0.000,0.000,0.000,0.000,0.000,0.000,0.210,0.000,0.210,0.000,0.204,0.293,-0.005
111,0.186,0.501,0.000,0.071,0.000,0.000,0.000,0.000,0.093,0.000,0.000,0.212,0.000,0.000,0.000,0.000,0.000,0.000,0.000,0.000,0.000,0.000,0.150,0.190,0.000,0.856,0.000,0.000,0.000,0.000,0.000,0.000,0.069,0.000,0.000,0.000,0.000,0.000,0.000,0.000,0.000,0.000,0.083,0.000,0.083,0.000,0.081,0.293,-0.003
112,0.223,0.501,0.000,0.071,0.000,0.000,0.000,0.000,0.091,0.000,0.000,0.314,0.000,0.000,0.000,0.000,0.000,0.000,0.000,0.000,0.000,0.000,0.000,0.000,0.000,0.856,0.000,0.000,0.000,0.000,0.000,0.000,0.069,0.000,0.000,0.000,0.000,0.000,0.000,0.000,0.000,0.000,0.038,0.000,0.038,0.000,0.036,0.293,-0.002
113,0.260,0.501,0.000,0.071,0.000,0.000,0.000,0.000,0.090,0.000,0.026,0.433,0.000,0.000,0.000,0.000,0.000,0.016,0.026,0.000,0.000,0.000,0.000,0.000,0.000,0.856,0.000,0.000,0.000,0.000,0.000,0.000,0.069,0.000,0.000,0.000,0.000,0.000,0.000,0.000,0.000,0.000,0.136,0.000,0.136,0.000,0.132,0.293,-0.001
114,0.297,0.501,0.000,0.071,0.000,0.000,0.000,0.000,0.089,0.000,0.052,0.527,0.000,0.000,0.000,0.000,0.000,0.031,0.052,0.000,0.064,0.040,0.064,0.040,0.000,0.856,0.000,0.000,0.000,0.000,0.000,0.000,0.069,0.000,0.000,0.000,0.000,0.000,0.000,0.000,0.000,0.000,0.230,0.000,0.230,0.000,0.224,0.293,-0.000
115,0.334,0.501,0.000,0.071,0.000,0.000,0.000,0.000,0.087,0.000,0.038,0.542,0.000,0.000,0.000,0.000,0.000,0.023,0.038,0.000,0.128,0.080,0.128,0.080,0.000,0.856,0.000,0.000,0.000,0.000,0.000,0.000,0.069,0.000,0.000,0.000,0.000,0.000,0.000,0.000,0.000,0.000,0.199,0.000,0.199,0.000,0.194,0.293,0.000
116,0.371,0.501,0.000,0.071,0.000,0.000,0.000,0.000,0.086,0.000,0.012,0.503,0.000,0.000,0.000,0.000,0.000,0.007,0.012,0.000,0.064,0.040,0.064,0.040,0.000,0.856,0.000,0.000,0.000,0.000,0.000,0.000,0.069,0.000,0.000,0.000,0.000,0.000,0.000,0.000,0.000,0.000,0.073,0.000,0.073,0.000,0.071,-0.108,0.000
117,0.409,0.501,0.000,0.071,0.000,0.000,0.000,0.000,0.084,0.000,0.000,0.448,0.000,0.000,0.000,0.000,0.000,0.000,0.000,0.000,0.000,0.000,0.000,0.000,0.000,0.856,0.000,0.000,0.000,0.000,0.000,0.000,0.069,0.000,0.000,0.000,0.000,0.000,0.000,0.000,0.000,0.000,0.011,0.000,0.011,0.000,0.010,-0.422,0.000
118,0.446,0.501,0.000,0.071,0.000,0.000,0.000,0.000,0.083,0.000,0.391,0.386,0.000,0.000,0.000,0.000,0.000,0.000,0.165,0.145,0.000,0.000,0.000,0.000,0.000,0.856,0.000,0.000,0.000,0.000,0.000,0.000,0.069,0.000,0.000,0.000,0.000,0.000,0.000,0.000,0.000,0.000,0.101,0.000,0.101,0.000,0.208,-0.089,0.000
119,0.483,0.501,0.000,0.071,0.000,0.000,0.000,0.000,0.081,0.000,0.549,0.311,0.000,0.000,0.000,0.000,0.000,0.000,0.331,0.289,0.000,0.000,0.000,0.000,0.000,0.856,0.000,0.000,0.000,0.000,0.000,0.000,0.069,0.000,0.000,0.000,0.000,0.000,0.000,0.000,0.000,0.000,0.162,0.000,0.162,0.000,0.378,0.440,0.000
120,0.520,0.501,0.000,0.071,0.000,0.000,0.000,0.000,0.080,0.000,0.401,0.242,0.000,0.000,0.000,0.093,0.000,0.006,0.213,0.173,0.019,0.000,0.001,0.000,0.000,0.856,0.000,0.000,0.000,0.000,0.000,0.000,0.069,0.000,0.000,0.000,0.000,0.000,0.000,0.000,0.000,0.000,0.220,0.000,0.220,0.000,0.324,0.716,0.000
121,0.520,0.501,0.000,0.071,0.000,0.000,0.000,0.000,0.080,0.000,0.021,0.176,0.000,0.000,0.000,0.331,0.000,0.012,0.144,0.094,0.040,0.000,0.028,0.108,0.000,0.856,0.000,0.000,0.000,0.000,0.000,0.000,0.069,0.000,0.000,0.000,0.000,0.000,0.000,0.000,0.000,0.000,0.206,0.000,0.206,0.000,0.200,0.716,0.000
122,0.520,0.501,0.000,0.071,0.000,0.000,0.000,0.000,0.080,0.000,0.322,0.103,0.000,0.000,0.000,0.499,0.000,0.006,0.177,0.142,0.019,0.000,0.067,0.317,0.000,0.856,0.000,0.000,0.000,0.000,0.000,0.000,0.069,0.000,0.000,0.000,0.000,0.000,0.000,0.000,0.000,0.000,0.174,0.000,0.174,0.000,0.255,0.716,0.000
123,0.520,0.501,0.000,0.071,0.000,0.000,0.000,0.000,0.080,0.000,0.531,0.050,0.000,0.000,0.000,0.582,0.000,0.000,0.259,0.226,0.000,0.000,0.094,0.456,0.000,0.856,0.000,0.000,0.000,0.000,0.000,0.000,0.069,0.000,0.000,0.000,0.000,0.000,0.000,0.000,0.000,0.000,0.114,0.000,0.114,0.000,0.282,0.716,0.000
124,0.520,0.501,0.000,0.071,0.000,0.000,0.000,0.000,0.080,0.000,0.531,0.024,0.000,0.000,0.000,0.619,0.000,0.000,0.259,0.226,0.000,0.000,0.100,0.484,0.000,0.856,0.000,0.000,0.000,0.000,0.000,0.000,0.069,0.000,0.000,0.000,0.000,0.000,0.000,0.000,0.000,0.000,0.114,0.000,0.114,0.000,0.282,0.716,0.000
125,0.520,0.501,0.000,0.071,0.000,0.000,0.000,0.000,0.080,0.000,0.539,0.016,0.000,0.000,0.000,0.617,0.000,0.005,0.267,0.226,0.000,0.000,0.099,0.483,0.000,0.856,0.000,0.000,0.000,0.000,0.000,0.000,0.069,0.000,0.000,0.000,0.000,0.000,0.000,0.000,0.000,0.000,0.136,0.000,0.136,0.000,0.305,0.716,0.000
126,0.520,0.501,0.000,0.071,0.000,0.000,0.000,0.000,0.080,0.000,0.571,0.021,0.000,0.000,0.000,0.586,0.000,0.014,0.383,0.316,0.000,0.000,0.094,0.458,0.000,0.856,0.000,0.000,0.000,0.000,0.000,0.000,0.069,0.000,0.000,0.000,0.000,0.000,0.000,0.000,0.000,0.000,0.186,0.000,0.186,0.000,0.421,0.716,0.000
127,0.520,0.501,0.000,0.071,0.000,0.000,0.000,0.000,0.080,0.000,0.451,0.026,0.000,0.000,0.000,0.532,0.000,0.018,0.211,0.158,0.000,0.000,0.086,0.416,0.000,0.856,0.000,0.000,0.000,0.000,0.000,0.000,0.069,0.000,0.000,0.000,0.000,0.000,0.000,0.000,0.000,0.000,0.284,0.000,0.284,0.000,0.396,0.716,0.000
128,0.520,0.501,0.000,0.071,0.000,0.000,0.000,0.000,0.080,0.000,0.023,0.020,0.000,0.000,0.000,0.464,0.000,0.014,0.023,0.000,0.000,0.000,0.075,0.363,0.000,0.856,0.000,0.000,0.000,0.000,0.000,0.000,0.069,0.000,0.000,0.000,0.000,0.000,0.000,0.000,0.000,0.000,0.276,0.000,0.276,0.000,0.268,0.716,0.000
129,0.520,0.501,0.000,0.071,0.000,0.000,0.000,0.000,0.080,0.000,0.008,0.009,0.000,0.000,0.000,0.358,0.000,0.005,0.019,0.008,0.010,0.000,0.050,0.244,0.000,0.856,0.000,0.000,0.000,0.000,0.000,0.000,0.069,0.000,0.000,0.000,0.000,0.000,0.000,0.000,0.000,0.000,0.240,0.000,0.240,0.000,0.233,0.716,0.000
130,0.480,0.493,0.000,0.061,0.000,0.000,0.000,0.000,0.074,0.000,0.000,0.005,0.000,0.000,0.000,0.201,0.000,0.000,0.040,0.031,0.020,0.000,0.018,0.081,0.000,0.856,0.000,0.000,0.000,0.000,0.000,0.000,0.069,0.000,0.000,0.000,0.000,0.000,0.000,0.000,0.000,0.000,0.221,0.000,0.221,0.000,0.214,0.716,0.000
131,0.440,0.485,0.000,0.052,0.000,0.000,0.000,0.000,0.068,0.000,0.000,0.007,0.000,0.000,0.000,0.071,0.000,0.000,0.023,0.018,0.015,0.000,0.001,0.000,0.000,0.856,0.000,0.000,0.000,0.000,0.000,0.000,0.069,0.000,0.000,0.000,0.000,0.000,0.000,0.000,0.000,0.000,0.210,0.000,0.210,0.000,0.204,0.338,0.000
132,0.400,0.478,0.000,0.043,0.000,0.000,0.000,0.000,0.062,0.000,0.000,0.049,0.000,0.000,0.000,0.024,0.000,0.000,0.003,0.002,0.005,0.000,0.000,0.000,0.000,0.856,0.000,0.000,0.000,0.000,0.000,0.000,0.092,0.000,0.000,0.000,0.000,0.000,0.000,0.000,0.000,0.000,0.195,0.000,0.195,0.000,0.189,-0.365,0.000
133,0.360,0.470,0.000,0.033,0.000,0.000,0.000,0.000,0.055,0.000,0.014,0.165,0.000,0.000,0.000,0.000,0.000,0.009,0.014,0.000,0.000,0.000,0.000,0.000,0.000,0.856,0.000,0.000,0.000,0.000,0.000,0.000,0.151,0.000,0.000,0.000,0.000,0.000,0.000,0.000,0.000,0.000,0.223,0.000,0.223,0.000,0.217,-0.743,0.000
134,0.320,0.462,0.000,0.024,0.000,0.000,0.000,0.000,0.049,0.000,0.040,0.312,0.000,0.000,0.000,0.000,0.000,0.024,0.040,0.000,0.000,0.000,0.000,0.000,0.000,0.856,0.000,0.000,0.000,0.000,0.000,0.000,0.232,0.000,0.000,0.000,0.000,0.000,0.000,0.000,0.000,0.000,0.290,0.000,0.290,0.000,0.283,-0.743,0.000
135,0.280,0.454,0.000,0.015,0.000,0.000,0.000,0.000,0.043,0.000,0.054,0.428,0.000,0.000,0.000,0.000,0.000,0.033,0.054,0.000,0.000,0.000,0.000,0.000,0.000,0.856,0.000,0.000,0.000,0.000,0.000,0.000,0.319,0.000,0.000,0.000,0.000,0.000,0.000,0.000,0.000,0.000,0.328,0.000,0.328,0.000,0.319,-0.743,0.000
136,0.240,0.447,0.000,0.006,0.000,0.000,0.000,0.000,0.037,0.000,0.046,0.462,0.000,0.000,0.000,0.000,0.000,0.028,0.165,0.000,0.000,0.000,0.000,0.000,0.000,0.856,0.000,0.000,0.000,0.000,0.000,0.000,0.400,0.000,0.000,0.000,0.000,0.000,0.000,0.000,0.000,0.000,0.304,0.000,0.304,0.000,0.296,-0.587,0.000
137,0.200,0.439,0.000,-0.004,0.000,0.000,0.000,0.000,0.031,0.000,0.027,0.431,0.000,0.000,0.000,0.000,0.000,0.016,0.368,0.000,0.000,0.000,0.000,0.000,0.000,0.856,0.000,0.000,0.000,0.000,0.000,0.000,0.459,0.000,0.000,0.000,0.000,0.000,0.000,0.000,0.000,0.000,0.251,0.000,0.251,0.000,0.244,-0.231,0.000
138,0.160,0.431,0.000,-0.013,0.000,0.000,0.000,0.000,0.025,0.000,0.008,0.376,0.000,0.000,0.000,0.000,0.000,0.005,0.468,0.000,0.000,0.000,0.000,0.000,0.000,0.856,0.000,0.000,0.000,0.000,0.000,0.000,0.482,0.000,0.000,0.000,0.000,0.000,0.000,0.000,0.000,0.000,0.198,0.000,0.198,0.000,0.193,0.152,0.000
139,0.120,0.423,0.000,-0.022,0.000,0.000,0.000,0.000,0.018,0.000,0.000,0.314,0.000,0.038,0.000,0.000,0.000,0.000,0.460,0.000,0.000,0.000,0.000,0.000,0.000,0.856,0.000,0.000,0.000,0.000,0.000,0.019,0.482,0.000,0.000,0.000,0.000,0.000,0.000,0.000,0.000,0.000,0.167,0.000,0.167,0.000,0.163,0.394,0.000
140,0.080,0.416,0.000,-0.031,0.000,0.000,0.000,0.000,0.012,0.000,0.012,0.262,0.000,0.135,0.000,0.000,0.000,0.007,0.472,0.000,0.000,0.000,0.000,0.000,0.000,0.856,0.000,0.000,0.000,0.000,0.000,0.069,0.482,0.000,0.000,0.000,0.000,0.000,0.000,0.000,0.000,0.000,0.188,0.000,0.188,0.000,0.183,0.504,0.000
141,0.040,0.408,0.000,-0.041,0.000,0.000,0.000,0.000,0.006,0.000,0.033,0.214,0.000,0.268,0.000,0.000,0.000,0.020,0.493,0.000,0.000,0.000,0.000,0.000,0.000,0.856,0.000,0.000,0.000,0.000,0.000,0.137,0.482,0.000,0.000,0.000,0.000,0.000,0.000,0.000,0.000,0.000,0.242,0.000,0.242,0.000,0.235,0.593,0.000
142,0.000,0.400,0.000,-0.050,0.000,0.000,0.000,0.000,0.000,0.000,0.045,0.160,0.000,0.412,0.000,0.236,0.000,0.027,0.505,0.000,0.000,0.000,0.038,0.184,0.000,0.856,0.000,0.000,0.000,0.000,0.000,0.211,0.482,0.000,0.000,0.000,0.000,0.000,0.000,0.000,0.000,0.000,0.194,0.000,0.194,0.000,0.188,0.645,0.000
143,0.000,0.399,0.000,-0.050,0.000,0.000,0.000,0.000,0.000,0.000,0.038,0.099,0.000,0.545,0.000,0.471,0.000,0.023,0.498,0.000,0.000,0.000,0.076,0.369,0.000,0.856,0.000,0.000,0.000,0.000,0.000,0.278,0.482,0.000,0.000,0.000,0.000,0.000,0.000,0.000,0.000,0.000,0.109,0.000,0.109,0.000,0.105,0.641,0.000
144,0.000,0.397,0.000,-0.050,0.000,0.000,0.000,0.000,0.000,0.000,0.026,0.047,0.000,0.642,0.000,0.409,0.000,0.016,0.486,0.000,0.000,0.000,0.066,0.320,0.000,0.856,0.000,0.000,0.000,0.000,0.000,0.328,0.482,0.000,0.000,0.000,0.000,0.000,0.000,0.000,0.000,0.000,0.088,0.000,0.088,0.000,0.085,0.563,0.000
145,0.000,0.396,0.000,-0.050,0.000,0.000,0.000,0.000,0.000,0.000,0.020,0.023,0.000,0.680,0.000,0.321,0.000,0.012,0.480,0.000,0.000,0.000,0.052,0.252,0.000,0.856,0.000,0.000,0.000,0.000,0.000,0.347,0.482,0.000,0.000,0.000,0.000,0.000,0.000,0.000,0.000,0.000,0.129,0.000,0.129,0.000,0.125,0.394,0.000
146,0.000,0.395,0.000,-0.050,0.000,0.000,0.000,0.000,0.000,0.000,0.020,0.030,0.000,0.664,0.000,0.234,0.000,0.012,0.480,0.000,0.000,0.000,0.038,0.183,0.000,0.856,0.000,0.000,0.000,0.000,0.000,0.347,0.470,0.000,0.000,0.000,0.000,0.000,0.000,0.000,0.000,0.000,0.188,0.000,0.188,0.000,0.183,-0.434,0.000
147,0.000,0.394,0.000,-0.050,0.000,0.000,0.000,0.000,0.000,0.000,0.020,0.058,0.000,0.621,0.000,0.172,0.000,0.012,0.480,0.000,0.000,0.000,0.028,0.134,0.000,0.856,0.000,0.000,0.000,0.000,0.000,0.347,0.440,0.000,0.000,0.000,0.000,0.000,0.000,0.000,0.000,0.000,0.215,0.000,0.215,0.000,0.209,-1.000,0.000
148,0.000,0.393,0.000,-0.050,0.000,0.000,0.000,0.000,0.000,0.000,0.010,0.091,0.000,0.556,0.000,0.086,0.000,0.006,0.240,0.000,0.000,0.000,0.290,0.417,0.000,0.856,0.000,0.000,0.000,0.000,0.000,0.347,0.394,0.000,0.000,0.000,0.000,0.000,0.000,0.000,0.000,0.000,0.245,0.000,0.245,0.000,0.238,-1.000,0.000
149,0.000,0.391,0.000,-0.050,0.000,0.000,0.000,0.000,0.000,0.000,0.000,0.133,0.000,0.476,0.000,0.000,0.000,0.000,0.000,0.000,0.000,0.000,0.553,0.700,0.000,0.856,0.000,0.000,0.000,0.000,0.000,0.347,0.337,0.000,0.000,0.000,0.000,0.000,0.000,0.000,0.000,0.000,0.274,0.000,0.274,0.000,0.267,-1.000,0.000
150,0.000,0.390,0.000,-0.050,0.000,0.000,0.000,0.000,0.000,0.000,0.128,0.188,0.000,0.386,0.000,0.000,0.000,0.002,0.000,0.000,0.000,0.000,0.410,0.519,0.000,0.856,0.000,0.000,0.000,0.000,0.000,0.347,0.274,0.000,0.000,0.000,0.000,0.000,0.000,0.000,0.000,0.000,0.246,0.000,0.246,0.000,0.240,-0.948,0.000
151,0.033,0.347,0.000,-0.050,0.000,0.000,0.000,0.000,0.000,0.000,0.332,0.241,0.000,0.294,0.000,0.000,0.000,0.013,0.000,0.000,0.000,0.000,0.143,0.181,0.000,0.856,0.000,0.000,0.000,0.000,0.000,0.347,0.208,0.000,0.000,0.000,0.000,0.000,0.000,0.000,0.000,0.000,0.191,0.000,0.191,0.000,0.186,-0.386,0.000
152,0.067,0.303,0.000,-0.050,0.000,0.000,0.000,0.000,0.000,0.000,0.424,0.286,0.000,0.204,0.000,0.000,0.000,0.023,0.000,0.000,0.000,0.000,0.000,0.000,0.000,0.856,0.000,0.000,0.000,0.000,0.000,0.347,0.145,0.000,0.000,0.000,0.000,0.000,0.000,0.000,0.000,0.000,0.173,0.000,0.173,0.000,0.168,0.175,0.000
153,0.100,0.260,0.000,-0.050,0.000,0.000,0.000,0.000,0.000,0.000,0.235,0.316,0.000,0.124,0.000,0.000,0.000,0.006,0.000,0.000,0.000,0.000,0.000,0.000,0.000,0.856,0.000,0.000,0.000,0.000,0.000,0.347,0.088,0.000,0.000,0.000,0.000,0.000,0.000,0.000,0.000,0.000,0.146,0.000,0.146,0.000,0.142,0.175,0.000
154,0.133,0.217,0.000,-0.050,0.000,0.000,0.000,0.000,0.000,0.000,0.000,0.328,0.000,0.059,0.000,0.000,0.000,0.000,0.000,0.000,0.000,0.000,0.000,0.000,0.000,0.856,0.000,0.000,0.000,0.000,0.000,0.347,0.042,0.000,0.000,0.000,0.000,0.000,0.000,0.000,0.000,0.000,0.092,0.000,0.092,0.000,0.089,0.175,0.000
155,0.167,0.173,0.000,-0.050,0.000,0.000,0.000,0.000,0.000,0.000,0.000,0.316,0.000,0.016,0.000,0.000,0.000,0.000,0.000,0.000,0.000,0.000,0.000,0.000,0.000,0.856,0.000,0.000,0.000,0.000,0.000,0.347,0.011,0.000,0.000,0.000,0.000,0.000,0.000,0.000,0.000,0.000,0.092,0.000,0.092,0.000,0.089,0.175,0.000
156,0.200,0.130,0.000,-0.050,0.000,0.000,0.000,0.000,0.000,0.000,0.000,0.284,0.000,0.000,0.000,0.000,0.000,0.000,0.000,0.000,0.000,0.000,0.000,0.000,0.000,0.856,0.000,0.000,0.000,0.000,0.000,0.347,0.000,0.000,0.000,0.000,0.000,0.000,0.000,0.000,0.000,0.000,0.092,0.000,0.092,0.000,0.089,0.175,0.000
157,0.233,0.087,0.000,-0.050,0.000,0.000,0.000,0.000,0.000,0.000,0.000,0.238,0.000,0.000,0.000,0.000,0.000,0.000,0.000,0.000,0.000,0.000,0.000,0.000,0.000,0.856,0.000,0.000,0.000,0.000,0.000,0.257,0.000,0.000,0.000,0.000,0.000,0.000,0.000,0.000,0.000,0.000,0.092,0.000,0.092,0.000,0.089,0.175,0.000
158,0.267,0.043,0.000,-0.050,0.000,0.000,0.000,0.000,0.000,0.000,0.000,0.183,0.000,0.000,0.000,0.000,0.000,0.000,0.000,0.000,0.000,0.000,0.000,0.000,0.000,0.856,0.000,0.000,0.000,0.000,0.000,0.090,0.000,0.000,0.000,0.000,0.000,0.000,0.000,0.000,0.000,0.000,0.092,0.000,0.092,0.000,0.089,0.175,0.000
159,0.300,0.000,0.000,-0.050,0.000,0.000,0.000,0.000,0.000,0.000,0.000,0.127,0.000,0.000,0.000,0.000,0.000,0.000,0.000,0.000,0.000,0.000,0.000,0.000,0.000,0.856,0.000,0.000,0.000,0.000,0.000,0.000,0.000,0.000,0.000,0.000,0.000,0.000,0.000,0.000,0.000,0.000,0.092,0.000,0.092,0.000,0.089,0.175,0.000
160,0.319,0.000,0.000,-0.050,0.000,0.000,0.000,0.000,0.000,0.000,0.000,0.073,0.000,0.000,0.000,0.283,0.000,0.000,0.000,0.000,0.000,0.000,0.046,0.222,0.000,0.856,0.000,0.000,0.000,0.000,0.000,0.000,0.000,0.000,0.000,0.000,0.000,0.000,0.000,0.000,0.000,0.000,0.181,0.000,0.181,0.000,0.176,0.175,0.000
161,0.338,0.000,0.000,-0.050,0.000,0.000,0.000,0.000,0.000,0.000,0.000,0.029,0.000,0.000,0.000,0.567,0.000,0.000,0.000,0.000,0.000,0.000,0.091,0.444,0.000,0.856,0.000,0.000,0.000,0.000,0.000,0.000,0.000,0.000,0.000,0.000,0.000,0.000,0.000,0.000,0.000,0.000,0.271,0.000,0.271,0.000,0.263,0.175,0.000
162,0.356,0.000,0.000,-0.050,0.000,0.000,0.000,0.000,0.000,0.000,0.093,0.000,0.000,0.000,0.000,0.283,0.000,0.000,0.000,0.078,0.000,0.000,0.046,0.222,0.000,0.856,0.000,0.000,0.000,0.000,0.000,0.000,0.000,0.000,0.000,0.000,0.000,0.000,0.000,0.000,0.000,0.000,0.254,0.000,0.254,0.000,0.247,0.175,0.000
163,0.375,0.000,0.000,-0.050,0.000,0.000,0.000,0.000,0.000,0.000,0.218,0.003,0.000,0.000,0.000,0.000,0.000,0.000,0.000,0.182,0.000,0.000,0.000,0.000,0.000,0.856,0.000,0.000,0.000,0.000,0.000,0.000,0.000,0.000,0.000,0.000,0.000,0.000,0.000,0.000,0.000,0.000,0.165,0.000,0.165,0.000,0.160,0.175,0.000
164,0.394,0.000,0.000,-0.050,0.000,0.000,0.000,0.000,0.000,0.000,0.376,0.036,0.000,0.000,0.000,0.000,0.000,0.000,0.076,0.227,0.000,0.000,0.000,0.000,0.000,0.856,0.000,0.000,0.000,0.000,0.000,0.000,0.000,0.000,0.000,0.000,0.000,0.000,0.000,0.000,0.000,0.000,0.193,0.000,0.193,0.000,0.239,0.175,0.000
165,0.412,0.000,0.000,-0.050,0.000,0.000,0.000,0.000,0.000,0.000,0.546,0.074,0.000,0.000,0.000,0.000,0.000,0.000,0.218,0.242,0.000,0.000,0.000,0.000,0.000,0.856,0.000,0.000,0.000,0.000,0.000,0.000,0.000,0.000,0.000,0.000,0.000,0.000,0.000,0.000,0.000,0.000,0.151,0.000,0.151,0.000,0.292,0.175,0.000
166,0.431,0.000,0.000,-0.050,0.000,0.000,0.000,0.000,0.000,0.000,0.548,0.092,0.000,0.000,0.000,0.000,0.000,0.000,0.295,0.258,0.000,0.000,0.000,0.000,0.000,0.856,0.000,0.000,0.000,0.000,0.000,0.000,0.000,0.000,0.000,0.000,0.000,0.000,0.000,0.000,0.000,0.000,0.074,0.000,0.074,0.000,0.268,0.175,0.000
167,0.450,0.000,0.000,-0.050,0.000,0.000,0.000,0.000,0.000,0.000,0.522,0.092,0.000,0.000,0.000,0.000,0.000,0.000,0.249,0.218,0.040,0.025,0.040,0.025,0.000,0.856,0.000,0.000,0.000,0.000,0.000,0.000,0.000,0.000,0.000,0.000,0.000,0.000,0.000,0.000,0.000,0.000,0.096,0.000,0.096,0.000,0.259,0.175,0.000
168,0.421,0.054,0.000,-0.050,0.000,0.000,0.000,0.000,0.000,0.000,0.353,0.092,0.000,0.000,0.000,0.000,0.000,0.000,0.147,0.129,0.128,0.080,0.128,0.080,0.000,0.856,0.000,0.000,0.000,0.000,0.000,0.000,0.000,0.000,0.000,0.000,0.000,0.000,0.000,0.000,0.000,0.000,0.131,0.000,0.131,0.000,0.226,0.175,0.000
169,0.392,0.112,0.000,-0.050,0.000,0.000,0.000,0.000,0.000,0.000,0.109,0.092,0.000,0.000,0.000,0.000,0.000,0.000,0.046,0.040,0.216,0.135,0.216,0.135,0.000,0.856,0.000,0.000,0.000,0.000,0.000,0.000,0.000,0.000,0.000,0.000,0.000,0.000,0.000,0.000,0.000,0.000,0.149,0.000,0.149,0.000,0.176,0.175,0.000
170,0.364,0.172,0.000,-0.050,0.000,0.000,0.000,0.000,0.000,0.000,0.000,0.092,0.000,0.000,0.000,0.000,0.000,0.000,0.000,0.000,0.256,0.160,0.256,0.160,0.000,0.856,0.000,0.000,0.000,0.000,0.000,0.000,0.000,0.000,0.000,0.000,0.000,0.000,0.000,0.000,0.000,0.000,0.152,0.000,0.152,0.000,0.147,0.175,0.000
171,0.335,0.231,0.000,-0.050,0.000,0.000,0.000,0.000,0.000,0.000,0.000,0.068,0.000,0.000,0.000,0.000,0.000,0.000,0.000,0.000,0.128,0.080,0.128,0.080,0.000,0.856,0.000,0.000,0.000,0.000,0.000,0.000,0.000,0.000,0.000,0.000,0.000,0.000,0.000,0.000,0.000,0.000,0.076,0.000,0.076,0.000,0.073,0.175,0.000
172,0.306,0.289,0.000,-0.050,0.000,0.000,0.000,0.000,0.000,0.000,0.000,0.024,0.000,0.000,0.000,0.000,0.000,0.000,0.000,0.000,0.000,0.000,0.000,0.000,0.000,0.856,0.000,0.000,0.000,0.000,0.000,0.000,0.000,0.000,0.000,0.000,0.000,0.000,0.000,0.000,0.000,0.000,0.000,0.000,-0.000,0.000,-0.000,0.175,0.000
173,0.277,0.343,0.000,-0.050,0.000,0.000,0.000,0.000,0.000,0.000,0.000,0.000,0.000,0.000,0.000,0.463,0.000,0.000,0.267,0.203,0.078,0.000,0.035,0.081,0.000,0.856,0.000,0.000,0.000,0.000,0.000,0.000,0.000,0.000,0.000,0.000,0.000,0.000,0.000,0.000,0.000,0.000,0.045,0.000,0.045,0.000,0.043,0.175,0.000
174,0.248,0.393,0.000,-0.050,0.000,0.000,0.000,0.000,0.000,0.000,0.000,0.001,0.000,0.000,0.000,0.815,0.000,0.000,0.175,0.132,0.166,0.000,0.098,0.157,0.000,0.856,0.000,0.000,0.000,0.000,0.000,0.000,0.000,0.000,0.000,0.000,0.000,0.000,0.000,0.000,0.000,0.000,0.096,0.000,0.096,0.000,0.093,0.175,0.000
175,0.217,0.435,0.000,-0.050,0.000,0.000,0.000,0.000,0.000,0.000,0.036,0.037,0.000,0.000,0.000,0.819,0.000,0.022,0.244,0.158,0.153,0.000,0.094,0.179,0.000,0.856,0.000,0.000,0.000,0.000,0.000,0.000,0.000,0.000,0.000,0.000,0.000,0.000,0.000,0.000,0.000,0.000,0.190,0.000,0.190,0.000,0.184,0.175,0.000
176,0.186,0.470,0.000,-0.050,0.000,0.000,0.000,0.000,0.000,0.000,0.071,0.074,0.000,0.000,0.000,0.713,0.000,0.043,0.345,0.208,0.120,0.000,0.070,0.157,0.000,0.856,0.000,0.000,0.000,0.000,0.000,0.000,0.000,0.000,0.000,0.000,0.000,0.000,0.000,0.000,0.000,0.000,0.272,0.000,0.272,0.000,0.264,0.175,0.000
177,0.154,0.496,0.000,-0.050,0.000,0.000,0.000,0.000,0.000,0.000,0.051,0.057,0.000,0.000,0.000,0.465,0.000,0.031,0.320,0.204,0.078,0.000,0.035,0.081,0.000,0.856,0.000,0.000,0.000,0.000,0.000,0.000,0.000,0.000,0.000,0.000,0.000,0.000,0.000,0.000,0.000,0.000,0.191,0.000,0.191,0.000,0.185,0.175,0.000
178,0.122,0.515,0.000,-0.050,0.000,0.000,0.000,0.000,0.000,0.000,0.031,0.039,0.000,0.000,0.000,0.185,0.000,0.019,0.148,0.088,0.039,0.000,0.005,0.000,0.000,0.856,0.000,0.000,0.000,0.000,0.000,0.000,0.000,0.000,0.000,0.000,0.000,0.000,0.000,0.000,0.000,0.000,0.111,0.000,0.111,0.000,0.108,0.175,0.000
179,0.088,0.529,0.000,-0.050,0.000,0.000,0.000,0.000,0.000,0.000,0.045,0.078,0.000,0.000,0.000,0.052,0.000,0.027,0.058,0.010,0.011,0.000,0.000,0.000,0.000,0.856,0.000,0.000,0.000,0.000,0.000,0.000,0.000,0.000,0.000,0.000,0.000,0.000,0.000,0.000,0.000,0.000,0.133,0.000,0.133,0.000,0.129,0.175,0.000
180,0.055,0.538,0.000,-0.050,0.000,0.000,0.000,0.000,0.000,0.000,0.196,0.157,0.000,0.000,0.000,0.003,0.000,0.035,0.116,0.051,0.001,0.000,0.000,0.000,0.000,0.856,0.000,0.000,0.000,0.000,0.000,0.000,0.000,0.000,0.000,0.000,0.000,0.000,0.000,0.000,0.000,0.000,0.191,0.000,0.191,0.000,0.224,0.175,0.000
181,0.021,0.544,0.000,-0.050,0.000,0.000,0.000,0.000,0.000,0.000,0.419,0.221,0.000,0.000,0.000,0.003,0.000,0.018,0.194,0.144,0.001,0.000,0.000,0.000,0.000,0.856,0.000,0.000,0.000,0.000,0.000,0.000,0.000,0.000,0.000,0.000,0.000,0.000,0.000,0.000,0.000,0.000,0.142,0.000,0.142,0.000,0.248,0.175,0.000
182,-0.014,0.548,0.000,-0.050,0.000,0.000,0.000,0.000,0.000,0.000,0.521,0.293,0.000,0.000,0.000,0.003,0.000,0.000,0.223,0.220,0.001,0.000,0.000,0.000,0.000,0.856,0.000,0.000,0.000,0.000,0.000,0.000,0.000,0.000,0.000,0.000,0.000,0.000,0.000,0.000,0.000,0.000,0.109,0.000,0.109,0.000,0.254,0.175,0.000
183,-0.048,0.551,0.000,-0.050,0.000,0.000,0.000,0.000,0.000,0.000,0.521,0.384,0.000,0.000,0.000,0.003,0.000,0.000,0.188,0.236,0.001,0.000,0.000,0.000,0.000,0.856,0.000,0.000,0.000,0.000,0.000,0.000,0.000,0.000,0.000,0.000,0.000,0.000,0.000,0.000,0.000,0.000,0.177,0.000,0.177,0.000,0.297,0.175,0.000
184,-0.082,0.555,0.000,-0.050,0.000,0.000,0.000,0.000,0.000,0.000,0.386,0.451,0.000,0.000,0.000,0.003,0.000,0.000,0.111,0.194,0.001,0.000,0.000,0.000,0.000,0.856,0.000,0.000,0.000,0.000,0.000,0.000,0.000,0.000,0.000,0.000,0.000,0.000,0.000,0.000,0.000,0.000,0.180,0.000,0.180,0.000,0.249,0.175,0.000
185,-0.116,0.560,0.000,-0.050,0.000,0.000,0.000,0.000,0.000,0.000,0.198,0.477,0.000,0.000,0.000,0.003,0.000,0.000,0.035,0.128,0.001,0.000,0.000,0.000,0.000,0.856,0.000,0.000,0.000,0.000,0.000,0.000,0.000,0.000,0.000,0.000,0.000,0.000,0.000,0.000,0.000,0.000,0.151,0.000,0.151,0.000,0.170,0.175,0.000
186,-0.150,0.568,0.000,-0.050,0.000,0.000,0.000,0.000,0.000,0.000,0.122,0.482,0.000,0.000,0.000,0.003,0.000,0.004,0.006,0.097,0.001,0.000,0.000,0.000,0.000,0.856,0.000,0.000,0.000,0.000,0.000,0.000,0.000,0.000,0.000,0.000,0.000,0.000,0.000,0.000,0.000,0.000,0.151,0.000,0.151,0.000,0.147,0.175,0.000
187,-0.111,0.511,0.000,-0.050,0.000,0.000,0.000,0.000,0.000,0.000,0.133,0.490,0.000,0.000,0.000,0.003,0.000,0.010,0.017,0.097,0.001,0.000,0.000,0.000,0.000,0.856,0.000,0.000,0.000,0.000,0.000,0.019,0.026,0.000,0.000,0.000,0.071,0.000,0.000,0.000,0.000,0.000,0.182,0.000,0.182,0.000,0.177,0.175,0.000
188,-0.072,0.454,0.000,-0.050,0.000,0.000,0.000,0.000,0.000,0.000,0.139,0.493,0.000,0.000,0.000,0.003,0.000,0.014,0.023,0.097,0.001,0.000,0.000,0.000,0.000,0.856,0.000,0.000,0.000,0.000,0.000,0.066,0.088,0.000,0.000,0.000,0.239,0.000,0.000,0.000,0.000,0.000,0.199,0.000,0.199,0.000,0.194,0.175,0.000
189,-0.033,0.397,0.000,-0.050,0.000,0.000,0.000,0.000,0.000,0.000,0.139,0.489,0.000,0.000,0.000,0.003,0.000,0.014,0.023,0.097,0.001,0.000,0.000,0.000,0.000,0.856,0.000,0.000,0.000,0.000,0.000,0.124,0.165,0.000,0.000,0.000,0.441,0.000,0.000,0.000,0.000,0.000,0.199,0.000,0.199,0.000,0.194,0.175,0.000
190,0.006,0.341,0.000,-0.050,0.000,0.000,0.000,0.000,0.000,0.000,0.139,0.484,0.000,0.000,0.000,0.003,0.000,0.014,0.023,0.097,0.001,0.000,0.000,0.000,0.000,0.856,0.000,0.000,0.000,0.000,0.000,0.175,0.233,0.000,0.000,0.000,0.609,0.000,0.000,0.000,0.000,0.000,0.199,0.000,0.199,0.000,0.194,0.175,0.000
191,0.045,0.284,0.000,-0.050,0.000,0.000,0.000,0.000,0.000,0.000,0.347,0.478,0.000,0.000,0.000,0.003,0.000,0.014,0.133,0.145,0.001,0.000,0.000,0.000,0.000,0.856,0.000,0.000,0.000,0.000,0.000,0.202,0.270,0.000,0.000,0.000,0.680,0.000,0.000,0.000,0.000,0.000,0.189,0.000,0.189,0.000,0.257,0.175,0.000
192,0.084,0.227,0.000,-0.050,0.000,0.000,0.000,0.000,0.000,0.000,0.509,0.472,0.000,0.000,0.000,0.003,0.000,0.014,0.242,0.192,0.001,0.000,0.000,0.000,0.000,0.856,0.000,0.000,0.000,0.000,0.000,0.212,0.282,0.000,0.000,0.000,0.673,0.000,0.000,0.000,0.000,0.000,0.134,0.000,0.134,0.000,0.276,0.175,0.000
193,0.123,0.170,0.000,-0.050,0.000,0.000,0.000,0.000,0.000,0.000,0.509,0.465,0.000,0.000,0.000,0.003,0.000,0.014,0.242,0.192,0.001,0.000,0.000,0.000,0.000,0.856,0.000,0.000,0.000,0.000,0.000,0.218,0.291,0.000,0.000,0.000,0.654,0.000,0.000,0.000,0.000,0.000,0.134,0.000,0.134,0.000,0.276,0.175,0.000
194,0.162,0.114,0.000,-0.050,0.000,0.000,0.000,0.000,0.000,0.000,0.509,0.458,0.000,0.000,0.000,0.003,0.000,0.014,0.242,0.192,0.001,0.000,0.000,0.000,0.000,0.856,0.000,0.000,0.000,0.000,0.000,0.222,0.296,0.000,0.000,0.000,0.624,0.000,0.000,0.000,0.000,0.000,0.134,0.000,0.134,0.000,0.276,0.175,0.000
195,0.201,0.057,0.000,-0.050,0.000,0.000,0.000,0.000,0.000,0.000,0.498,0.440,0.000,0.000,0.000,0.003,0.000,0.007,0.231,0.192,0.001,0.000,0.000,0.000,0.000,0.856,0.000,0.000,0.000,0.000,0.000,0.224,0.299,0.000,0.000,0.000,0.585,0.000,0.000,0.000,0.000,0.000,0.102,0.000,0.102,0.000,0.245,0.175,0.000
196,0.240,0.000,0.000,-0.050,0.000,0.000,0.000,0.000,0.000,0.000,0.487,0.421,0.000,0.000,0.000,0.003,0.000,0.000,0.220,0.192,0.001,0.000,0.000,0.000,0.000,0.856,0.000,0.000,0.000,0.000,0.000,0.225,0.299,0.000,0.000,0.000,0.538,0.000,0.000,0.000,0.000,0.000,0.070,0.000,0.070,0.000,0.213,0.175,0.000
197,0.269,0.000,0.039,-0.050,0.000,0.000,0.000,0.000,0.000,0.000,0.266,0.413,0.000,0.000,0.000,0.003,0.000,0.000,0.110,0.096,0.001,0.000,0.000,0.000,0.000,0.856,0.000,0.000,0.000,0.000,0.000,0.223,0.298,0.000,0.000,0.000,0.484,0.000,0.000,0.000,0.000,0.000,0.046,0.000,0.046,0.000,0.117,0.175,0.000
198,0.298,0.000,0.078,-0.050,0.000,0.000,0.000,0.000,0.000,0.000,0.000,0.405,0.000,0.000,0.000,0.002,0.000,0.000,0.000,0.000,0.000,0.000,0.000,0.000,0.000,0.856,0.000,0.000,0.000,0.000,0.000,0.221,0.295,0.000,0.000,0.000,0.425,0.000,0.000,0.000,0.000,0.000,0.000,0.000,0.000,0.000,-0.000,0.175,0.000
199,0.327,0.000,0.117,-0.050,0.000,0.000,0.000,0.000,0.000,0.000,0.000,0.397,0.000,0.000,0.000,0.001,0.000,0.000,0.000,0.000,0.000,0.000,0.220,0.279,0.000,0.856,0.000,0.000,0.000,0.000,0.000,0.218,0.291,0.000,0.000,0.000,0.363,0.000,0.000,0.000,0.000,0.000,0.109,0.000,0.109,0.000,0.106,0.175,0.000
200,0.356,0.000,0.156,-0.050,0.000,0.000,0.000,0.000,0.000,0.000,0.000,0.390,0.000,0.000,0.000,0.000,0.000,0.000,0.000,0.000,0.000,0.000,0.440,0.557,0.000,0.856,0.000,0.000,0.000,0.000,0.000,0.215,0.286,0.000,0.000,0.000,0.299,0.000,0.000,0.000,0.000,0.000,0.218,0.000,0.218,0.000,0.212,0.175,0.000
201,0.384,0.000,0.194,-0.050,0.000,0.000,0.000,0.000,0.000,0.000,0.496,0.434,0.000,0.000,0.000,0.000,0.000,0.058,0.054,0.000,0.000,0.000,0.220,0.279,0.000,0.856,0.000,0.000,0.000,0.000,0.000,0.211,0.282,0.000,0.000,0.000,0.234,0.000,0.000,0.000,0.000,0.000,0.368,0.000,0.368,0.000,0.358,0.175,0.000
202,0.413,0.000,0.233,-0.050,0.000,0.000,0.000,0.000,0.000,0.000,0.803,0.478,0.000,0.000,0.000,0.000,0.000,0.159,0.109,0.000,0.000,0.000,0.000,0.000,0.000,0.856,0.000,0.000,0.000,0.000,0.000,0.208,0.277,0.000,0.000,0.000,0.170,0.000,0.000,0.000,0.000,0.000,0.470,0.000,0.470,0.000,0.457,0.175,0.000
203,0.442,0.000,0.272,-0.050,0.000,0.000,0.000,0.000,0.000,0.000,0.749,0.421,0.000,0.000,0.000,0.000,0.000,0.126,0.054,0.000,0.000,0.000,0.000,0.000,0.000,0.856,0.000,0.000,0.000,0.000,0.000,0.205,0.273,0.000,0.000,0.000,0.109,0.000,0.000,0.000,0.000,0.000,0.316,0.000,0.316,0.000,0.308,0.175,0.000
204,0.471,0.000,0.311,-0.050,0.000,0.000,0.000,0.000,0.000,0.000,0.694,0.364,0.000,0.000,0.000,0.000,0.000,0.094,0.000,0.000,0.000,0.000,0.000,0.000,0.000,0.856,0.000,0.000,0.000,0.000,0.000,0.203,0.271,0.000,0.000,0.000,0.052,0.000,0.000,0.000,0.000,0.000,0.163,0.000,0.163,0.000,0.158,0.175,0.000
205,0.500,0.000,0.350,-0.050,0.000,0.000,0.000,0.000,0.000,0.000,0.694,0.359,0.000,0.000,0.000,0.000,0.000,0.094,0.000,0.000,0.000,0.000,0.000,0.000,0.000,0.856,0.000,0.000,0.000,0.000,0.000,0.202,0.270,0.000,0.000,0.000,0.000,0.000,0.000,0.000,0.000,0.000,0.163,0.000,0.163,0.000,0.158,0.175,0.000
206,0.500,0.000,0.350,-0.050,0.000,0.000,0.000,0.000,0.000,0.000,0.694,0.355,0.000,0.000,0.000,0.000,0.000,0.094,0.000,0.000,0.000,0.000,0.000,0.000,0.000,0.856,0.000,0.000,0.000,0.000,0.000,0.202,0.270,0.000,0.000,0.000,0.000,0.000,0.000,0.000,0.000,0.000,0.163,0.000,0.163,0.000,0.158,0.175,0.000
207,0.500,0.000,0.350,-0.050,0.000,0.000,0.000,0.000,0.000,0.000,0.694,0.352,0.000,0.000,0.000,0.000,0.000,0.094,0.000,0.000,0.000,0.000,0.000,0.000,0.000,0.856,0.000,0.000,0.000,0.000,0.000,0.202,0.270,0.000,0.000,0.000,0.000,0.000,0.000,0.000,0.000,0.000,0.163,0.000,0.163,0.000,0.158,0.175,0.000
208,0.500,0.000,0.350,-0.050,0.000,0.000,0.000,0.000,0.000,0.000,0.694,0.350,0.000,0.000,0.000,0.000,0.000,0.094,0.000,0.000,0.000,0.000,0.000,0.000,0.000,0.856,0.000,0.000,0.000,0.000,0.000,0.202,0.270,0.000,0.000,0.000,0.000,0.000,0.000,0.000,0.000,0.000,0.163,0.000,0.163,0.000,0.158,0.175,0.000
209,0.500,0.000,0.350,-0.050,0.000,0.000,0.000,0.000,0.000,0.000,0.694,0.349,0.000,0.000,0.000,0.000,0.000,0.094,0.000,0.000,0.000,0.000,0.000,0.000,0.000,0.856,0.000,0.000,0.000,0.000,0.000,0.202,0.270,0.000,0.000,0.000,0.000,0.000,0.000,0.000,0.000,0.000,0.163,0.000,0.163,0.000,0.158,0.175,0.000
210,0.500,0.000,0.350,-0.050,0.000,0.000,0.000,0.000,0.000,0.000,0.694,0.349,0.000,0.000,0.000,0.000,0.000,0.094,0.000,0.000,0.000,0.000,0.000,0.000,0.000,0.856,0.000,0.000,0.000,0.000,0.000,0.202,0.270,0.000,0.000,0.000,0.000,0.000,0.000,0.000,0.000,0.000,0.163,0.000,0.163,0.000,0.158,0.175,0.000
211,0.500,0.000,0.350,-0.050,0.000,0.000,0.000,0.000,0.000,0.000,0.694,0.349,0.000,0.000,0.000,0.000,0.000,0.094,0.000,0.000,0.000,0.000,0.000,0.000,0.000,0.856,0.000,0.000,0.000,0.000,0.000,0.202,0.270,0.000,0.000,0.000,0.000,0.000,0.000,0.000,0.000,0.000,0.163,0.000,0.163,0.000,0.158,0.175,0.000
212,0.500,0.000,0.350,-0.050,0.000,0.000,0.000,0.000,0.000,0.000,0.694,0.349,0.000,0.000,0.000,0.000,0.000,0.094,0.000,0.000,0.000,0.000,0.000,0.000,0.000,0.856,0.000,0.000,0.000,0.000,0.000,0.202,0.270,0.000,0.000,0.000,0.000,0.000,0.000,0.000,0.000,0.000,0.163,0.000,0.163,0.000,0.158,0.175,0.000
213,0.500,0.000,0.350,-0.050,0.000,0.000,0.000,0.000,0.000,0.000,0.694,0.349,0.000,0.000,0.000,0.000,0.000,0.094,0.000,0.000,0.000,0.000,0.000,0.000,0.000,0.856,0.000,0.000,0.000,0.000,0.000,0.202,0.270,0.000,0.000,0.000,0.000,0.000,0.000,0.000,0.000,0.000,0.163,0.000,0.163,0.000,0.158,0.175,0.000
214,0.500,0.000,0.350,-0.050,0.000,0.000,0.000,0.000,0.000,0.000,0.694,0.349,0.000,0.000,0.000,0.000,0.000,0.094,0.000,0.000,0.000,0.000,0.000,0.000,0.000,0.856,0.000,0.000,0.000,0.000,0.000,0.202,0.270,0.000,0.000,0.000,0.000,0.000,0.000,0.000,0.000,0.000,0.163,0.000,0.163,0.000,0.158,0.175,0.000
215,0.500,0.000,0.350,-0.050,0.000,0.000,0.000,0.000,0.000,0.000,0.694,0.349,0.000,0.000,0.000,0.000,0.000,0.094,0.000,0.000,0.000,0.000,0.000,0.000,0.000,0.856,0.000,0.000,0.000,0.000,0.000,0.202,0.270,0.000,0.000,0.000,0.000,0.000,0.000,0.000,0.000,0.000,0.163,0.000,0.163,0.000,0.158,0.175,0.000
216,0.500,0.000,0.350,-0.050,0.000,0.000,0.000,0.000,0.000,0.000,0.694,0.349,0.000,0.000,0.000,0.000,0.000,0.094,0.000,0.000,0.000,0.000,0.000,0.000,0.000,0.856,0.000,0.000,0.000,0.000,0.000,0.202,0.270,0.000,0.000,0.000,0.000,0.000,0.000,0.000,0.000,0.000,0.163,0.000,0.163,0.000,0.158,0.175,0.000
217,0.500,0.000,0.350,-0.050,0.000,0.000,0.000,0.000,0.000,0.000,0.694,0.349,0.000,0.000,0.000,0.000,0.000,0.094,0.000,0.000,0.000,0.000,0.000,0.000,0.000,0.856,0.000,0.000,0.000,0.000,0.000,0.202,0.270,0.000,0.000,0.000,0.000,0.000,0.000,0.000,0.000,0.000,0.163,0.000,0.163,0.000,0.158,0.175,0.000
218,0.500,0.000,0.350,-0.050,0.000,0.000,0.000,0.000,0.000,0.000,0.694,0.349,0.000,0.000,0.000,0.000,0.000,0.094,0.000,0.000,0.000,0.000,0.000,0.000,0.000,0.856,0.000,0.000,0.000,0.000,0.000,0.202,0.270,0.000,0.000,0.000,0.000,0.000,0.000,0.000,0.000,0.000,0.163,0.000,0.163,0.000,0.158,0.175,0.000
219,0.500,0.000,0.350,-0.050,0.000,0.000,0.000,0.000,0.000,0.000,0.694,0.349,0.000,0.000,0.000,0.000,0.000,0.094,0.000,0.000,0.000,0.000,0.000,0.000,0.000,0.856,0.000,0.000,0.000,0.000,0.000,0.202,0.270,0.000,0.000,0.000,0.000,0.000,0.000,0.000,0.000,0.000,0.163,0.000,0.163,0.000,0.158,0.175,0.000
220,0.500,0.000,0.350,-0.050,0.000,0.000,0.000,0.000,0.000,0.000,0.694,0.349,0.000,0.000,0.000,0.000,0.000,0.094,0.000,0.000,0.000,0.000,0.000,0.000,0.000,0.856,0.000,0.000,0.000,0.000,0.000,0.202,0.270,0.000,0.000,0.000,0.000,0.000,0.000,0.000,0.000,0.000,0.163,0.000,0.163,0.000,0.158,0.175,0.000
221,0.500,0.000,0.350,-0.050,0.000,0.000,0.000,0.000,0.000,0.000,0.694,0.349,0.000,0.000,0.000,0.000,0.000,0.094,0.000,0.000,0.000,0.000,0.000,0.000,0.000,0.856,0.000,0.000,0.000,0.000,0.000,0.202,0.270,0.000,0.000,0.000,0.000,0.000,0.000,0.000,0.000,0.000,0.163,0.000,0.163,0.000,0.158,0.175,0.000
222,0.500,0.000,0.350,-0.050,0.000,0.000,0.000,0.000,0.000,0.000,0.694,0.349,0.000,0.000,0.000,0.000,0.000,0.094,0.000,0.000,0.000,0.000,0.000,0.000,0.000,0.856,0.000,0.000,0.000,0.000,0.000,0.202,0.270,0.000,0.000,0.000,0.000,0.000,0.000,0.000,0.000,0.000,0.163,0.000,0.163,0.000,0.158,0.175,0.000
223,0.500,0.000,0.350,-0.050,0.000,0.000,0.000,0.000,0.000,0.000,0.694,0.349,0.000,0.000,0.000,0.000,0.000,0.094,0.000,0.000,0.000,0.000,0.000,0.000,0.000,0.856,0.000,0.000,0.000,0.000,0.000,0.202,0.270,0.000,0.000,0.000,0.000,0.000,0.000,0.000,0.000,0.000,0.163,0.000,0.163,0.000,0.158,0.175,0.000
224,0.500,0.000,0.350,-0.050,0.000,0.000,0.000,0.000,0.000,0.000,0.694,0.349,0.000,0.000,0.000,0.000,0.000,0.094,0.000,0.000,0.000,0.000,0.000,0.000,0.000,0.856,0.000,0.000,0.000,0.000,0.000,0.202,0.270,0.000,0.000,0.000,0.000,0.000,0.000,0.000,0.000,0.000,0.163,0.000,0.163,0.000,0.158,0.175,0.000
225,0.500,0.000,0.350,-0.050,0.000,0.000,0.000,0.000,0.000,0.000,0.694,0.349,0.000,0.000,0.000,0.000,0.000,0.094,0.000,0.000,0.000,0.000,0.000,0.000,0.000,0.856,0.000,0.000,0.000,0.000,0.000,0.202,0.270,0.000,0.000,0.000,0.000,0.000,0.000,0.000,0.000,0.000,0.163,0.000,0.163,0.000,0.158,0.175,0.000
226,0.500,0.000,0.350,-0.050,0.000,0.000,0.000,0.000,0.000,0.000,0.694,0.349,0.000,0.000,0.000,0.000,0.000,0.094,0.000,0.000,0.000,0.000,0.000,0.000,0.000,0.856,0.000,0.000,0.000,0.000,0.000,0.202,0.270,0.000,0.000,0.000,0.000,0.000,0.000,0.000,0.000,0.000,0.163,0.000,0.163,0.000,0.158,0.175,0.000
227,0.500,0.000,0.350,-0.050,0.000,0.000,0.000,0.000,0.000,0.000,0.694,0.349,0.000,0.000,0.000,0.000,0.000,0.094,0.000,0.000,0.000,0.000,0.000,0.000,0.000,0.856,0.000,0.000,0.000,0.000,0.000,0.202,0.270,0.000,0.000,0.000,0.000,0.000,0.000,0.000,0.000,0.000,0.163,0.000,0.163,0.000,0.158,0.175,0.000
228,0.500,0.000,0.350,-0.050,0.000,0.000,0.000,0.000,0.000,0.000,0.694,0.349,0.000,0.000,0.000,0.000,0.000,0.094,0.000,0.000,0.000,0.000,0.000,0.000,0.000,0.856,0.000,0.000,0.000,0.000,0.000,0.202,0.270,0.000,0.000,0.000,0.000,0.000,0.000,0.000,0.000,0.000,0.163,0.000,0.163,0.000,0.158,0.175,0.000
229,0.500,0.000,0.350,-0.050,0.000,0.000,0.000,0.000,0.000,0.000,0.694,0.349,0.000,0.000,0.000,0.000,0.000,0.094,0.000,0.000,0.000,0.000,0.000,0.000,0.000,0.856,0.000,0.000,0.000,0.000,0.000,0.202,0.270,0.000,0.000,0.000,0.000,0.000,0.000,0.000,0.000,0.000,0.163,0.000,0.163,0.000,0.158,0.175,0.000
230,0.500,0.000,0.350,-0.050,0.000,0.000,0.000,0.000,0.000,0.000,0.694,0.349,0.000,0.000,0.000,0.000,0.000,0.094,0.000,0.000,0.000,0.000,0.000,0.000,0.000,0.856,0.000,0.000,0.000,0.000,0.000,0.202,0.270,0.000,0.000,0.000,0.000,0.000,0.000,0.000,0.000,0.000,0.163,0.000,0.163,0.000,0.158,0.175,0.000
231,0.500,0.000,0.350,-0.050,0.000,0.000,0.000,0.000,0.000,0.000,0.694,0.349,0.000,0.000,0.000,0.000,0.000,0.094,0.000,0.000,0.000,0.000,0.000,0.000,0.000,0.856,0.000,0.000,0.000,0.000,0.000,0.202,0.270,0.000,0.000,0.000,0.000,0.000,0.000,0.000,0.000,0.000,0.163,0.000,0.163,0.000,0.158,0.175,0.000
232,0.500,0.000,0.350,-0.050,0.000,0.000,0.000,0.000,0.000,0.000,0.694,0.349,0.000,0.000,0.000,0.000,0.000,0.094,0.000,0.000,0.000,0.000,0.000,0.000,0.000,0.856,0.000,0.000,0.000,0.000,0.000,0.202,0.270,0.000,0.000,0.000,0.000,0.000,0.000,0.000,0.000,0.000,0.163,0.000,0.163,0.000,0.158,0.175,0.000
233,0.500,0.000,0.350,-0.050,0.000,0.000,0.000,0.000,0.000,0.000,0.694,0.349,0.000,0.000,0.000,0.000,0.000,0.094,0.000,0.000,0.000,0.000,0.000,0.000,0.000,0.856,0.000,0.000,0.000,0.000,0.000,0.202,0.270,0.000,0.000,0.000,0.000,0.000,0.000,0.000,0.000,0.000,0.163,0.000,0.163,0.000,0.158,0.175,0.000
234,0.500,0.000,0.350,-0.050,0.000,0.000,0.000,0.000,0.000,0.000,0.694,0.349,0.000,0.000,0.000,0.000,0.000,0.094,0.000,0.000,0.000,0.000,0.000,0.000,0.000,0.856,0.000,0.000,0.000,0.000,0.000,0.202,0.270,0.000,0.000,0.000,0.000,0.000,0.000,0.000,0.000,0.000,0.163,0.000,0.163,0.000,0.158,0.175,0.000
235,0.500,0.000,0.350,-0.050,0.000,0.000,0.000,0.000,0.000,0.000,0.694,0.349,0.000,0.000,0.000,0.000,0.000,0.094,0.000,0.000,0.000,0.000,0.000,0.000,0.000,0.856,0.000,0.000,0.000,0.000,0.000,0.202,0.270,0.000,0.000,0.000,0.000,0.000,0.000,0.000,0.000,0.000,0.163,0.000,0.163,0.000,0.158,0.175,0.000
236,0.500,0.000,0.350,-0.050,0.000,0.000,0.000,0.000,0.000,0.000,0.694,0.349,0.000,0.000,0.000,0.000,0.000,0.094,0.000,0.000,0.000,0.000,0.000,0.000,0.000,0.856,0.000,0.000,0.000,0.000,0.000,0.202,0.270,0.000,0.000,0.000,0.000,0.000,0.000,0.000,0.000,0.000,0.163,0.000,0.163,0.000,0.158,0.175,0.000
237,0.500,0.000,0.350,-0.050,0.000,0.000,0.000,0.000,0.000,0.000,0.694,0.349,0.000,0.000,0.000,0.000,0.000,0.094,0.000,0.000,0.000,0.000,0.000,0.000,0.000,0.856,0.000,0.000,0.000,0.000,0.000,0.202,0.270,0.000,0.000,0.000,0.000,0.000,0.000,0.000,0.000,0.000,0.163,0.000,0.163,0.000,0.158,0.175,0.000
238,0.500,0.000,0.350,-0.050,0.000,0.000,0.000,0.000,0.000,0.000,0.694,0.349,0.000,0.000,0.000,0.000,0.000,0.094,0.000,0.000,0.000,0.000,0.000,0.000,0.000,0.856,0.000,0.000,0.000,0.000,0.000,0.202,0.270,0.000,0.000,0.000,0.000,0.000,0.000,0.000,0.000,0.000,0.163,0.000,0.163,0.000,0.158,0.175,0.000
239,0.500,0.000,0.350,-0.050,0.000,0.000,0.000,0.000,0.000,0.000,0.694,0.349,0.000,0.000,0.000,0.000,0.000,0.094,0.000,0.000,0.000,0.000,0.000,0.000,0.000,0.856,0.000,0.000,0.000,0.000,0.000,0.202,0.270,0.000,0.000,0.000,0.000,0.000,0.000,0.000,0.000,0.000,0.163,0.000,0.163,0.000,0.158,0.175,0.000
240,0.500,0.000,0.350,-0.050,0.000,0.000,0.000,0.000,0.000,0.000,0.694,0.349,0.000,0.000,0.000,0.000,0.000,0.094,0.000,0.000,0.000,0.000,0.000,0.000,0.000,0.856,0.000,0.000,0.000,0.000,0.000,0.202,0.270,0.000,0.000,0.000,0.000,0.000,0.000,0.000,0.000,0.000,0.163,0.000,0.163,0.000,0.158,0.175,0.000
